# log10(nu)[Hz] log10(nuFnu)[erg cm-2 s-1]
22.829268292682926 -10.598039215686276
23.121951219512194 -10.47058823529412
23.390243902439025 -10.362745098039216
23.70731707317073 -10.333333333333334
23.975609756097562 -10.333333333333334
24.24390243902439 -10.313725490196079
24.75609756097561 -10.166666666666668
25.804878048780488 -10.480392156862745
26.073170731707318 -10.862745098039216
26.365853658536587 -11.264705882352942
26.634146341463413 -11.607843137254903
26.902439024390244 -11.73529411764706
