# E / GeV | tau
4.154472e+00, 1.080658e-76
4.383784e+00, 1.080658e-76
4.625753e+00, 1.080658e-76
4.881078e+00, 1.080658e-76
5.150497e+00, 1.080658e-76
5.434786e+00, 1.080658e-76
5.734767e+00, 1.080658e-76
6.051306e+00, 1.080658e-76
6.385317e+00, 1.080658e-76
6.737764e+00, 1.080658e-76
7.109665e+00, 1.080658e-76
7.502093e+00, 1.080658e-76
7.916182e+00, 1.080658e-76
8.353128e+00, 1.080658e-76
8.814191e+00, 1.080658e-76
9.300703e+00, 1.080658e-76
9.814069e+00, 1.080658e-76
1.035577e+01, 1.080658e-76
1.092737e+01, 1.080658e-76
1.153053e+01, 1.080658e-76
1.216697e+01, 1.080658e-76
1.283854e+01, 1.080658e-76
1.354719e+01, 1.080658e-76
1.429494e+01, 1.080658e-76
1.508397e+01, 1.080658e-76
1.591656e+01, 1.080658e-76
1.679509e+01, 1.080658e-76
1.772212e+01, 1.080658e-76
1.870032e+01, 1.080658e-76
1.973252e+01, 1.080658e-76
2.082168e+01, 1.080658e-76
2.197096e+01, 1.080658e-76
2.318368e+01, 1.080658e-76
2.446334e+01, 1.080658e-76
2.581363e+01, 1.080658e-76
2.723845e+01, 1.080658e-76
2.874192e+01, 1.080658e-76
3.032837e+01, 1.080658e-76
3.200239e+01, 1.080658e-76
3.376881e+01, 1.080658e-76
3.563273e+01, 1.080658e-76
3.759953e+01, 1.080658e-76
3.967490e+01, 1.080658e-76
4.186481e+01, 1.080658e-76
4.417560e+01, 1.080658e-76
4.661394e+01, 1.080658e-76
4.918686e+01, 1.080658e-76
5.190180e+01, 1.080658e-76
5.476660e+01, 1.080658e-76
5.778952e+01, 1.080658e-76
6.097930e+01, 1.080658e-76
6.434515e+01, 1.080658e-76
6.789677e+01, 1.080658e-76
7.164443e+01, 1.080658e-76
7.559895e+01, 1.080658e-76
7.977175e+01, 1.080658e-76
8.417487e+01, 1.080658e-76
8.882103e+01, 1.080658e-76
9.372363e+01, 1.080658e-76
9.889685e+01, 1.080658e-76
1.043556e+02, 1.080658e-76
1.101157e+02, 1.080658e-76
1.161937e+02, 1.080658e-76
1.226071e+02, 1.080658e-76
1.293746e+02, 1.080658e-76
1.365157e+02, 1.080658e-76
1.440508e+02, 1.080658e-76
1.520019e+02, 1.080658e-76
1.603919e+02, 1.080658e-76
1.692450e+02, 1.080658e-76
1.785867e+02, 1.080658e-76
1.884441e+02, 1.080658e-76
1.988455e+02, 1.080658e-76
2.098211e+02, 1.080658e-76
2.214025e+02, 1.080658e-76
2.336231e+02, 1.080658e-76
2.465183e+02, 1.080658e-76
2.601252e+02, 1.080658e-76
2.744832e+02, 1.080658e-76
2.896337e+02, 1.080658e-76
3.056205e+02, 1.080658e-76
3.224897e+02, 1.080658e-76
3.402899e+02, 1.080658e-76
3.590728e+02, 1.080658e-76
3.788923e+02, 1.080658e-76
3.998058e+02, 1.080658e-76
4.218737e+02, 1.080658e-76
4.451596e+02, 1.080658e-76
4.697309e+02, 1.080658e-76
4.956584e+02, 1.080658e-76
5.230170e+02, 1.080658e-76
5.518857e+02, 1.080658e-76
5.823478e+02, 1.080658e-76
6.144914e+02, 1.080658e-76
6.484091e+02, 1.080658e-76
6.841990e+02, 1.080658e-76
7.219644e+02, 1.080658e-76
7.618143e+02, 1.080658e-76
8.038638e+02, 1.080658e-76
8.482342e+02, 1.080658e-76
8.950538e+02, 1.080658e-76
9.444576e+02, 1.080658e-76
9.965883e+02, 1.080658e-76
1.051596e+03, 1.080658e-76
1.109641e+03, 1.080658e-76
1.170889e+03, 1.080658e-76
1.235518e+03, 1.080658e-76
1.303714e+03, 1.080658e-76
1.375675e+03, 1.080658e-76
1.451607e+03, 1.080658e-76
1.531731e+03, 1.080658e-76
1.616277e+03, 1.080658e-76
1.705490e+03, 1.080658e-76
1.799627e+03, 1.080658e-76
1.898960e+03, 1.080658e-76
2.003776e+03, 1.080658e-76
2.114377e+03, 1.080658e-76
2.231083e+03, 1.080658e-76
2.354231e+03, 1.080658e-76
2.484177e+03, 1.080658e-76
2.621294e+03, 1.080658e-76
2.765981e+03, 1.080658e-76
2.918653e+03, 1.080658e-76
3.079752e+03, 1.080658e-76
3.249744e+03, 1.080658e-76
3.429118e+03, 1.080658e-76
3.618393e+03, 1.080658e-76
3.818116e+03, 1.080658e-76
4.028863e+03, 1.080658e-76
4.251242e+03, 1.080658e-76
4.485895e+03, 1.080658e-76
4.733501e+03, 1.080658e-76
4.994773e+03, 1.080658e-76
5.270467e+03, 1.080658e-76
5.561379e+03, 1.080658e-76
5.868347e+03, 1.080658e-76
6.192259e+03, 1.080658e-76
6.534050e+03, 1.080658e-76
6.894707e+03, 1.080658e-76
7.275270e+03, 1.080658e-76
7.676839e+03, 1.080658e-76
8.100574e+03, 1.080658e-76
8.547697e+03, 1.080658e-76
9.019500e+03, 1.080658e-76
9.517344e+03, 1.080658e-76
1.004267e+04, 1.080658e-76
1.059699e+04, 1.080658e-76
1.118190e+04, 1.080658e-76
1.179911e+04, 1.080658e-76
1.245038e+04, 1.080658e-76
1.313759e+04, 1.080658e-76
1.386274e+04, 1.080658e-76
1.462792e+04, 1.080658e-76
1.543533e+04, 1.080658e-76
1.628730e+04, 1.080658e-76
1.718630e+04, 1.080658e-76
1.813493e+04, 1.080658e-76
1.913591e+04, 1.080658e-76
2.019214e+04, 1.080658e-76
2.130668e+04, 1.080658e-76
2.248273e+04, 1.080658e-76
2.372370e+04, 1.080658e-76
2.503317e+04, 1.080658e-76
2.641491e+04, 1.080658e-76
2.787292e+04, 1.080658e-76
2.941141e+04, 1.080658e-76
3.103481e+04, 1.080658e-76
3.274782e+04, 1.080658e-76
3.455539e+04, 1.080658e-76
3.646272e+04, 1.080658e-76
3.847534e+04, 1.080658e-76
4.059904e+04, 1.080658e-76
4.283997e+04, 1.080658e-76
4.520458e+04, 1.080658e-76
4.769972e+04, 1.080658e-76
5.033257e+04, 1.080658e-76
5.311075e+04, 1.080658e-76
5.604228e+04, 1.080658e-76
5.913562e+04, 1.080658e-76
6.239969e+04, 1.080658e-76
6.584394e+04, 1.080658e-76
6.947829e+04, 1.080658e-76
7.331325e+04, 1.080658e-76
7.735988e+04, 1.080658e-76
8.162987e+04, 1.080658e-76
8.613555e+04, 1.080658e-76
9.088993e+04, 1.080658e-76
9.590674e+04, 1.080658e-76
1.012005e+05, 1.080658e-76
1.067864e+05, 1.080658e-76
1.126806e+05, 1.080658e-76
1.189002e+05, 1.080658e-76
1.254630e+05, 1.080658e-76
1.323882e+05, 1.080658e-76
1.396955e+05, 1.080658e-76
1.474062e+05, 1.080658e-76
1.555425e+05, 1.080658e-76
1.641279e+05, 1.080658e-76
1.731872e+05, 1.080658e-76
1.827465e+05, 1.080658e-76
1.928335e+05, 1.080658e-76
2.034772e+05, 1.080658e-76
2.147084e+05, 1.080658e-76
2.265596e+05, 1.080658e-76
2.390649e+05, 1.080658e-76
2.522604e+05, 1.080658e-76
2.661843e+05, 1.080658e-76
2.808767e+05, 1.080658e-76
2.963802e+05, 1.080658e-76
3.127393e+05, 1.080658e-76
3.300014e+05, 1.080658e-76
3.482163e+05, 1.080658e-76
3.674366e+05, 1.080658e-76
3.877178e+05, 1.080658e-76
4.091185e+05, 1.080658e-76
4.317004e+05, 1.080658e-76
4.555287e+05, 1.080658e-76
4.806723e+05, 4.840613e-02
5.072037e+05, 1.213236e-01
5.351996e+05, 1.747312e-01
5.647407e+05, 2.252930e-01
5.959124e+05, 2.725419e-01
6.288047e+05, 3.161630e-01
6.635125e+05, 3.559564e-01
7.001361e+05, 3.918176e-01
7.387811e+05, 4.332833e-01
7.795592e+05, 4.692485e-01
8.225882e+05, 5.075743e-01
8.679921e+05, 5.393403e-01
9.159022e+05, 5.764348e-01
9.664568e+05, 6.182994e-01
1.019802e+06, 6.721983e-01
1.076091e+06, 7.806848e-01
1.135488e+06, 7.675753e-01
1.198163e+06, 7.529347e-01
1.264297e+06, 7.370858e-01
1.334082e+06, 7.202852e-01
1.407718e+06, 7.027491e-01
1.485420e+06, 6.846635e-01
1.567409e+06, 6.661890e-01
1.653925e+06, 6.474642e-01
1.745216e+06, 6.286085e-01
1.841546e+06, 6.097247e-01
1.943192e+06, 5.909005e-01
2.050450e+06, 5.722104e-01
2.163627e+06, 5.537173e-01
2.283052e+06, 5.354742e-01
2.409068e+06, 5.175246e-01
2.542040e+06, 4.999048e-01
2.682352e+06, 4.826436e-01
2.830409e+06, 4.657644e-01
2.986637e+06, 4.492852e-01
3.151489e+06, 4.332193e-01
3.325440e+06, 4.175764e-01
3.508993e+06, 4.023629e-01
3.702677e+06, 3.875822e-01
3.907051e+06, 3.732353e-01
4.122707e+06, 3.593212e-01
4.350266e+06, 3.458370e-01
4.590385e+06, 3.327786e-01
4.843758e+06, 3.201403e-01
5.111117e+06, 3.079157e-01
5.393232e+06, 2.960975e-01
5.690920e+06, 2.846777e-01
6.005038e+06, 2.736477e-01
6.336495e+06, 2.629986e-01
6.686248e+06, 2.527211e-01
7.055305e+06, 2.428058e-01
7.444733e+06, 2.332430e-01
7.855656e+06, 2.240231e-01
8.289261e+06, 2.151362e-01
8.746799e+06, 2.065727e-01
9.229591e+06, 1.983229e-01
9.739032e+06, 1.903772e-01
1.027659e+07, 1.827262e-01
1.084382e+07, 1.753604e-01
1.144236e+07, 1.682708e-01
1.207394e+07, 1.614483e-01
1.274038e+07, 1.548841e-01
1.344361e+07, 1.485696e-01
1.418565e+07, 1.424964e-01
1.496864e+07, 1.366562e-01
1.579486e+07, 1.310410e-01
1.666668e+07, 1.256430e-01
1.758662e+07, 1.204546e-01
1.855734e+07, 1.154684e-01
1.958164e+07, 1.106772e-01
2.066248e+07, 1.060741e-01
2.180298e+07, 1.016523e-01
2.300642e+07, 9.740526e-02
2.427630e+07, 9.332659e-02
2.561626e+07, 8.941014e-02
2.703019e+07, 8.564996e-02
2.852216e+07, 8.204026e-02
3.009649e+07, 7.857545e-02
3.175771e+07, 7.525013e-02
3.351062e+07, 7.205908e-02
3.536029e+07, 6.899722e-02
3.731205e+07, 6.605968e-02
