# E / GeV | tau
4.154472e-02, 8.047380e-81
4.476117e-02, 8.047380e-81
4.822664e-02, 8.047380e-81
5.196041e-02, 8.047380e-81
5.598326e-02, 8.047380e-81
6.031757e-02, 8.047380e-81
6.498744e-02, 8.047380e-81
7.001886e-02, 8.047380e-81
7.543982e-02, 8.047380e-81
8.128048e-02, 8.047380e-81
8.757333e-02, 8.047380e-81
9.435338e-02, 8.047380e-81
1.016584e-01, 8.047380e-81
1.095289e-01, 8.047380e-81
1.180088e-01, 8.047380e-81
1.271452e-01, 8.047380e-81
1.369889e-01, 8.047380e-81
1.475948e-01, 8.047380e-81
1.590218e-01, 8.047380e-81
1.713335e-01, 8.047380e-81
1.845984e-01, 8.047380e-81
1.988903e-01, 8.047380e-81
2.142886e-01, 8.047380e-81
2.308792e-01, 8.047380e-81
2.487542e-01, 8.047380e-81
2.680131e-01, 8.047380e-81
2.887630e-01, 8.047380e-81
3.111194e-01, 8.047380e-81
3.352068e-01, 8.047380e-81
3.611589e-01, 8.047380e-81
3.891204e-01, 8.047380e-81
4.192466e-01, 8.047380e-81
4.517053e-01, 8.047380e-81
4.866770e-01, 8.047380e-81
5.243562e-01, 8.047380e-81
5.649526e-01, 8.047380e-81
6.086920e-01, 8.047380e-81
6.558178e-01, 8.047380e-81
7.065922e-01, 8.047380e-81
7.612976e-01, 8.047380e-81
8.202383e-01, 8.047380e-81
8.837423e-01, 8.047380e-81
9.521629e-01, 8.047380e-81
1.025881e+00, 8.047380e-81
1.105306e+00, 8.047380e-81
1.190880e+00, 8.047380e-81
1.283080e+00, 8.047380e-81
1.382418e+00, 8.047380e-81
1.489446e+00, 8.047380e-81
1.604761e+00, 8.047380e-81
1.729004e+00, 8.047380e-81
1.862866e+00, 8.047380e-81
2.007092e+00, 8.047380e-81
2.162484e+00, 8.047380e-81
2.329907e+00, 8.047380e-81
2.510291e+00, 8.047380e-81
2.704642e+00, 8.047380e-81
2.914039e+00, 8.047380e-81
3.139648e+00, 8.047380e-81
3.382724e+00, 8.047380e-81
3.644619e+00, 8.047380e-81
3.926791e+00, 8.047380e-81
4.230809e+00, 8.047380e-81
4.558364e+00, 8.047380e-81
4.911279e+00, 8.047380e-81
5.291517e+00, 8.047380e-81
5.701194e+00, 8.047380e-81
6.142588e+00, 8.047380e-81
6.618156e+00, 8.047380e-81
7.130543e+00, 8.047380e-81
7.682600e+00, 8.047380e-81
8.277398e+00, 8.047380e-81
8.918246e+00, 8.047380e-81
9.608709e+00, 8.047380e-81
1.035263e+01, 8.047380e-81
1.115414e+01, 8.047380e-81
1.201771e+01, 8.047380e-81
1.294814e+01, 8.047380e-81
1.395061e+01, 8.047380e-81
1.503068e+01, 8.047380e-81
1.619438e+01, 8.047380e-81
1.744817e+01, 8.047380e-81
1.879903e+01, 8.047380e-81
2.025448e+01, 8.047380e-81
2.182261e+01, 8.047380e-81
2.351215e+01, 8.047380e-81
2.533249e+01, 8.047380e-81
2.729377e+01, 8.047380e-81
2.940689e+01, 8.047380e-81
3.168362e+01, 8.047380e-81
3.413661e+01, 8.047380e-81
3.677951e+01, 8.047380e-81
3.962703e+01, 8.047380e-81
4.269502e+01, 8.047380e-81
4.600052e+01, 8.047380e-81
4.956195e+01, 8.047380e-81
5.339911e+01, 8.047380e-81
5.753334e+01, 8.047380e-81
6.198765e+01, 8.047380e-81
6.678683e+01, 8.047380e-81
7.195756e+01, 8.047380e-81
7.752861e+01, 8.047380e-81
8.353099e+01, 8.047380e-81
8.999808e+01, 8.047380e-81
9.696586e+01, 8.047380e-81
1.044731e+02, 8.047380e-81
1.125615e+02, 8.047380e-81
1.212762e+02, 8.047380e-81
1.306656e+02, 8.047380e-81
1.407819e+02, 8.047380e-81
1.516815e+02, 8.047380e-81
1.634248e+02, 8.047380e-81
1.760774e+02, 8.047380e-81
1.897096e+02, 8.047380e-81
2.043972e+02, 8.047380e-81
2.202219e+02, 8.047380e-81
2.372718e+02, 8.047380e-81
2.556417e+02, 8.047380e-81
2.754339e+02, 8.047380e-81
2.967583e+02, 8.047380e-81
3.197338e+02, 8.047380e-81
3.444880e+02, 8.047380e-81
3.711588e+02, 8.047380e-81
3.998944e+02, 8.047380e-81
4.308548e+02, 8.047380e-81
4.642122e+02, 8.047380e-81
5.001522e+02, 8.047380e-81
5.388747e+02, 8.047380e-81
5.805951e+02, 8.047380e-81
6.255456e+02, 8.047380e-81
6.739763e+02, 8.047380e-81
7.261565e+02, 8.047380e-81
7.823765e+02, 8.047380e-81
8.429492e+02, 8.047380e-81
9.082116e+02, 8.047380e-81
9.785266e+02, 8.047380e-81
1.054286e+03, 8.047380e-81
1.135910e+03, 8.047380e-81
1.223854e+03, 8.047380e-81
1.318606e+03, 8.047380e-81
1.420694e+03, 8.047380e-81
1.530687e+03, 8.047380e-81
1.649195e+03, 8.047380e-81
1.776877e+03, 8.047380e-81
1.914446e+03, 8.047380e-81
2.062665e+03, 8.047380e-81
2.222359e+03, 8.047380e-81
2.394418e+03, 8.047380e-81
2.579797e+03, 8.047380e-81
2.779528e+03, 8.047380e-81
2.994723e+03, 8.047380e-81
3.226579e+03, 8.047380e-81
3.476386e+03, 8.047380e-81
3.745532e+03, 8.047380e-81
4.035517e+03, 8.047380e-81
4.347952e+03, 8.047380e-81
4.684577e+03, 8.047380e-81
5.047263e+03, 8.047380e-81
5.438030e+03, 8.047380e-81
5.859050e+03, 8.047380e-81
6.312666e+03, 8.047380e-81
6.801401e+03, 8.047380e-81
7.327975e+03, 8.047380e-81
7.895318e+03, 8.047380e-81
8.506584e+03, 8.047380e-81
9.165176e+03, 8.047380e-81
9.874757e+03, 8.047380e-81
1.063928e+04, 8.047380e-81
1.146298e+04, 8.047380e-81
1.235046e+04, 8.047380e-81
1.330665e+04, 8.047380e-81
1.433687e+04, 8.047380e-81
1.544685e+04, 8.047380e-81
1.664277e+04, 8.047380e-81
1.793128e+04, 8.047380e-81
1.931954e+04, 8.047380e-81
2.081529e+04, 8.047380e-81
2.242684e+04, 8.047380e-81
2.416316e+04, 8.047380e-81
2.603390e+04, 8.047380e-81
2.804949e+04, 8.047380e-81
3.022112e+04, 8.047380e-81
3.256088e+04, 8.047380e-81
3.508179e+04, 8.047380e-81
3.779787e+04, 8.047380e-81
4.072424e+04, 8.047380e-81
4.387716e+04, 8.047380e-81
4.727420e+04, 8.047380e-81
5.093423e+04, 8.047380e-81
5.487763e+04, 8.047380e-81
5.912634e+04, 8.047380e-81
6.370398e+04, 8.047380e-81
6.863604e+04, 8.047380e-81
7.394994e+04, 8.047380e-81
7.967524e+04, 8.047380e-81
8.584382e+04, 8.047380e-81
9.248997e+04, 8.047380e-81
9.965067e+04, 8.047380e-81
1.073658e+05, 8.047380e-81
