# E / GeV | tau
4.154472e+00, 1.080658e-74
4.383784e+00, 1.080658e-74
4.625753e+00, 1.080658e-74
4.881078e+00, 1.080658e-74
5.150497e+00, 1.080658e-74
5.434786e+00, 1.080658e-74
5.734767e+00, 1.080658e-74
6.051306e+00, 1.080658e-74
6.385317e+00, 1.080658e-74
6.737764e+00, 1.080658e-74
7.109665e+00, 1.080658e-74
7.502093e+00, 1.080658e-74
7.916182e+00, 1.080658e-74
8.353128e+00, 1.080658e-74
8.814191e+00, 1.080658e-74
9.300703e+00, 1.080658e-74
9.814069e+00, 1.080658e-74
1.035577e+01, 1.080658e-74
1.092737e+01, 1.080658e-74
1.153053e+01, 1.080658e-74
1.216697e+01, 1.080658e-74
1.283854e+01, 1.080658e-74
1.354719e+01, 1.080658e-74
1.429494e+01, 1.080658e-74
1.508397e+01, 1.080658e-74
1.591656e+01, 1.080658e-74
1.679509e+01, 1.080658e-74
1.772212e+01, 1.080658e-74
1.870032e+01, 1.080658e-74
1.973252e+01, 1.080658e-74
2.082168e+01, 1.080658e-74
2.197096e+01, 1.080658e-74
2.318368e+01, 1.080658e-74
2.446334e+01, 1.080658e-74
2.581363e+01, 1.080658e-74
2.723845e+01, 1.080658e-74
2.874192e+01, 1.080658e-74
3.032837e+01, 1.080658e-74
3.200239e+01, 1.080658e-74
3.376881e+01, 1.080658e-74
3.563273e+01, 1.080658e-74
3.759953e+01, 1.080658e-74
3.967490e+01, 1.080658e-74
4.186481e+01, 1.080658e-74
4.417560e+01, 1.080658e-74
4.661394e+01, 1.080658e-74
4.918686e+01, 1.080658e-74
5.190180e+01, 1.080658e-74
5.476660e+01, 1.080658e-74
5.778952e+01, 1.080658e-74
6.097930e+01, 1.080658e-74
6.434515e+01, 1.080658e-74
6.789677e+01, 1.080658e-74
7.164443e+01, 1.080658e-74
7.559895e+01, 1.080658e-74
7.977175e+01, 1.080658e-74
8.417487e+01, 1.080658e-74
8.882103e+01, 1.080658e-74
9.372363e+01, 1.080658e-74
9.889685e+01, 1.080658e-74
1.043556e+02, 1.080658e-74
1.101157e+02, 1.080658e-74
1.161937e+02, 1.080658e-74
1.226071e+02, 1.080658e-74
1.293746e+02, 1.080658e-74
1.365157e+02, 1.080658e-74
1.440508e+02, 1.080658e-74
1.520019e+02, 1.080658e-74
1.603919e+02, 1.080658e-74
1.692450e+02, 1.080658e-74
1.785867e+02, 1.080658e-74
1.884441e+02, 1.080658e-74
1.988455e+02, 1.080658e-74
2.098211e+02, 1.080658e-74
2.214025e+02, 1.080658e-74
2.336231e+02, 1.080658e-74
2.465183e+02, 1.080658e-74
2.601252e+02, 1.080658e-74
2.744832e+02, 1.080658e-74
2.896337e+02, 1.080658e-74
3.056205e+02, 1.080658e-74
3.224897e+02, 1.080658e-74
3.402899e+02, 1.080658e-74
3.590728e+02, 1.080658e-74
3.788923e+02, 1.080658e-74
3.998058e+02, 1.080658e-74
4.218737e+02, 1.080658e-74
4.451596e+02, 1.080658e-74
4.697309e+02, 1.080658e-74
4.956584e+02, 1.080658e-74
5.230170e+02, 1.080658e-74
5.518857e+02, 1.080658e-74
5.823478e+02, 1.080658e-74
6.144914e+02, 1.080658e-74
6.484091e+02, 1.080658e-74
6.841990e+02, 1.080658e-74
7.219644e+02, 1.080658e-74
7.618143e+02, 1.080658e-74
8.038638e+02, 1.080658e-74
8.482342e+02, 1.080658e-74
8.950538e+02, 1.080658e-74
9.444576e+02, 1.080658e-74
9.965883e+02, 1.080658e-74
1.051596e+03, 1.080658e-74
1.109641e+03, 1.080658e-74
1.170889e+03, 1.080658e-74
1.235518e+03, 1.080658e-74
1.303714e+03, 1.080658e-74
1.375675e+03, 1.080658e-74
1.451607e+03, 1.080658e-74
1.531731e+03, 1.080658e-74
1.616277e+03, 1.080658e-74
1.705490e+03, 1.080658e-74
1.799627e+03, 1.080658e-74
1.898960e+03, 1.080658e-74
2.003776e+03, 1.080658e-74
2.114377e+03, 1.080658e-74
2.231083e+03, 1.080658e-74
2.354231e+03, 1.080658e-74
2.484177e+03, 1.080658e-74
2.621294e+03, 1.080658e-74
2.765981e+03, 1.080658e-74
2.918653e+03, 1.080658e-74
3.079752e+03, 1.080658e-74
3.249744e+03, 1.080658e-74
3.429118e+03, 1.080658e-74
3.618393e+03, 1.080658e-74
3.818116e+03, 1.080658e-74
4.028863e+03, 1.080658e-74
4.251242e+03, 1.080658e-74
4.485895e+03, 1.080658e-74
4.733501e+03, 1.080658e-74
4.994773e+03, 1.035274e+02
5.270467e+03, 4.866701e+02
5.561379e+03, 6.548995e+02
5.868347e+03, 8.092043e+02
6.192259e+03, 1.111668e+03
6.534050e+03, 1.232084e+03
6.894707e+03, 1.340669e+03
7.275270e+03, 1.438023e+03
7.676839e+03, 1.654252e+03
8.100574e+03, 1.724532e+03
8.547697e+03, 1.785618e+03
9.019500e+03, 1.946867e+03
9.517344e+03, 1.985762e+03
1.004267e+04, 2.017328e+03
1.059699e+04, 2.133190e+03
1.118190e+04, 2.146924e+03
1.179911e+04, 2.154978e+03
1.245038e+04, 2.233871e+03
1.313759e+04, 2.227892e+03
1.386274e+04, 2.284485e+03
1.462792e+04, 2.266844e+03
1.543533e+04, 2.245822e+03
1.628730e+04, 2.277220e+03
1.718630e+04, 2.247415e+03
1.813493e+04, 2.263800e+03
1.913591e+04, 2.226974e+03
2.019214e+04, 2.230802e+03
2.130668e+04, 2.227534e+03
2.248273e+04, 2.181932e+03
2.372370e+04, 2.169441e+03
2.503317e+04, 2.151656e+03
2.641491e+04, 2.100468e+03
2.787292e+04, 2.076166e+03
2.941141e+04, 2.048035e+03
3.103481e+04, 2.016551e+03
3.274782e+04, 1.982157e+03
3.455539e+04, 1.945257e+03
3.646272e+04, 1.906228e+03
3.847534e+04, 1.865414e+03
4.059904e+04, 1.837186e+03
4.283997e+04, 1.792468e+03
4.520458e+04, 1.758202e+03
4.769972e+04, 1.720950e+03
5.033257e+04, 1.681272e+03
5.311075e+04, 1.639670e+03
5.604228e+04, 1.596594e+03
5.913562e+04, 1.552442e+03
6.239969e+04, 1.507568e+03
6.584394e+04, 1.462280e+03
6.947829e+04, 1.416847e+03
7.331325e+04, 1.374587e+03
7.735988e+04, 1.329105e+03
8.162987e+04, 1.284136e+03
8.613555e+04, 1.239818e+03
9.088993e+04, 1.196264e+03
9.590674e+04, 1.153566e+03
1.012005e+05, 1.111799e+03
1.067864e+05, 1.071022e+03
1.126806e+05, 1.031278e+03
1.189002e+05, 9.933308e+02
1.254630e+05, 9.556356e+02
1.323882e+05, 9.190587e+02
1.396955e+05, 8.836040e+02
1.474062e+05, 8.492693e+02
1.555425e+05, 8.160475e+02
1.641279e+05, 7.839270e+02
1.731872e+05, 7.528927e+02
1.827465e+05, 7.229267e+02
1.928335e+05, 6.941703e+02
2.034772e+05, 6.662547e+02
2.147084e+05, 6.393450e+02
2.265596e+05, 6.134159e+02
2.390649e+05, 5.884415e+02
2.522604e+05, 5.643951e+02
2.661843e+05, 5.412501e+02
2.808767e+05, 5.189795e+02
2.963802e+05, 4.975564e+02
3.127393e+05, 4.769950e+02
3.300014e+05, 4.571826e+02
3.482163e+05, 4.381390e+02
3.674366e+05, 4.198384e+02
3.877178e+05, 4.022555e+02
4.091185e+05, 3.853654e+02
4.317004e+05, 3.691438e+02
4.555287e+05, 3.535670e+02
4.806723e+05, 3.386118e+02
5.072037e+05, 3.242720e+02
5.351996e+05, 3.104922e+02
5.647407e+05, 2.972686e+02
5.959124e+05, 2.845805e+02
6.288047e+05, 2.724081e+02
6.635125e+05, 2.607319e+02
7.001361e+05, 2.495331e+02
7.387811e+05, 2.388032e+02
7.795592e+05, 2.285136e+02
8.225882e+05, 2.186550e+02
8.679921e+05, 2.092021e+02
9.159022e+05, 2.001508e+02
9.664568e+05, 1.914850e+02
1.019802e+06, 1.831970e+02
1.076091e+06, 1.753074e+02
1.135488e+06, 1.676414e+02
1.198163e+06, 1.602979e+02
1.264297e+06, 1.532643e+02
1.334082e+06, 1.465283e+02
1.407718e+06, 1.400781e+02
1.485420e+06, 1.339022e+02
1.567409e+06, 1.279896e+02
1.653925e+06, 1.223296e+02
1.745216e+06, 1.169121e+02
1.841546e+06, 1.117271e+02
1.943192e+06, 1.067651e+02
2.050450e+06, 1.020170e+02
2.163627e+06, 9.747394e+01
2.283052e+06, 9.312749e+01
2.409068e+06, 8.896948e+01
2.542040e+06, 8.499206e+01
2.682352e+06, 8.118770e+01
2.830409e+06, 7.754917e+01
2.986637e+06, 7.406950e+01
3.151489e+06, 7.074201e+01
3.325440e+06, 6.756028e+01
3.508993e+06, 6.451816e+01
3.702677e+06, 6.160971e+01
3.907051e+06, 5.882927e+01
4.122707e+06, 5.617137e+01
4.350266e+06, 5.363081e+01
4.590385e+06, 5.120255e+01
4.843758e+06, 4.888178e+01
5.111117e+06, 4.666389e+01
5.393232e+06, 4.454445e+01
5.690920e+06, 4.251922e+01
6.005038e+06, 4.058414e+01
6.336495e+06, 3.873529e+01
6.686248e+06, 3.696894e+01
7.055305e+06, 3.528152e+01
7.444733e+06, 3.366958e+01
7.855656e+06, 3.212984e+01
8.289261e+06, 3.065915e+01
8.746799e+06, 2.925449e+01
9.229591e+06, 2.791297e+01
9.739032e+06, 2.663183e+01
1.027659e+07, 2.540840e+01
1.084382e+07, 2.424016e+01
1.144236e+07, 2.312467e+01
1.207394e+07, 2.205960e+01
1.274038e+07, 2.104273e+01
1.344361e+07, 2.007193e+01
1.418565e+07, 1.914515e+01
1.496864e+07, 1.826044e+01
1.579486e+07, 1.741594e+01
1.666668e+07, 1.660985e+01
1.758662e+07, 1.584047e+01
1.855734e+07, 1.510615e+01
1.958164e+07, 1.440534e+01
2.066248e+07, 1.373653e+01
2.180298e+07, 1.309830e+01
2.300642e+07, 1.248926e+01
2.427630e+07, 1.190812e+01
2.561626e+07, 1.135362e+01
2.703019e+07, 1.082456e+01
2.852216e+07, 1.031979e+01
3.009649e+07, 9.838227e+00
3.175771e+07, 9.378814e+00
3.351062e+07, 8.940554e+00
3.536029e+07, 8.522489e+00
3.731205e+07, 8.123706e+00
