# E / GeV | tau
4.154472e+00, 3.432679e-77
4.383784e+00, 3.432679e-77
4.625753e+00, 3.432679e-77
4.881078e+00, 3.432679e-77
5.150497e+00, 3.432679e-77
5.434786e+00, 3.432679e-77
5.734767e+00, 3.432679e-77
6.051306e+00, 3.432679e-77
6.385317e+00, 3.432679e-77
6.737764e+00, 3.432679e-77
7.109665e+00, 3.432679e-77
7.502093e+00, 3.432679e-77
7.916182e+00, 3.432679e-77
8.353128e+00, 3.432679e-77
8.814191e+00, 3.432679e-77
9.300703e+00, 3.432679e-77
9.814069e+00, 3.432679e-77
1.035577e+01, 3.432679e-77
1.092737e+01, 3.432679e-77
1.153053e+01, 3.432679e-77
1.216697e+01, 3.432679e-77
1.283854e+01, 3.432679e-77
1.354719e+01, 3.432679e-77
1.429494e+01, 3.432679e-77
1.508397e+01, 3.432679e-77
1.591656e+01, 3.432679e-77
1.679509e+01, 3.432679e-77
1.772212e+01, 3.432679e-77
1.870032e+01, 3.432679e-77
1.973252e+01, 3.432679e-77
2.082168e+01, 3.432679e-77
2.197096e+01, 3.432679e-77
2.318368e+01, 3.432679e-77
2.446334e+01, 3.432679e-77
2.581363e+01, 3.432679e-77
2.723845e+01, 3.432679e-77
2.874192e+01, 3.432679e-77
3.032837e+01, 3.432679e-77
3.200239e+01, 3.432679e-77
3.376881e+01, 3.432679e-77
3.563273e+01, 3.432679e-77
3.759953e+01, 3.432679e-77
3.967490e+01, 3.432679e-77
4.186481e+01, 3.432679e-77
4.417560e+01, 3.432679e-77
4.661394e+01, 3.432679e-77
4.918686e+01, 3.432679e-77
5.190180e+01, 3.432679e-77
5.476660e+01, 3.432679e-77
5.778952e+01, 3.432679e-77
6.097930e+01, 3.432679e-77
6.434515e+01, 3.432679e-77
6.789677e+01, 3.432679e-77
7.164443e+01, 3.432679e-77
7.559895e+01, 3.432679e-77
7.977175e+01, 3.432679e-77
8.417487e+01, 3.432679e-77
8.882103e+01, 3.432679e-77
9.372363e+01, 3.432679e-77
9.889685e+01, 3.432679e-77
1.043556e+02, 3.432679e-77
1.101157e+02, 3.432679e-77
1.161937e+02, 3.432679e-77
1.226071e+02, 3.432679e-77
1.293746e+02, 3.432679e-77
1.365157e+02, 3.432679e-77
1.440508e+02, 3.432679e-77
1.520019e+02, 3.432679e-77
1.603919e+02, 3.432679e-77
1.692450e+02, 3.432679e-77
1.785867e+02, 3.432679e-77
1.884441e+02, 3.432679e-77
1.988455e+02, 3.432679e-77
2.098211e+02, 3.432679e-77
2.214025e+02, 3.432679e-77
2.336231e+02, 3.432679e-77
2.465183e+02, 3.432679e-77
2.601252e+02, 3.432679e-77
2.744832e+02, 3.432679e-77
2.896337e+02, 3.432679e-77
3.056205e+02, 3.432679e-77
3.224897e+02, 3.432679e-77
3.402899e+02, 3.432679e-77
3.590728e+02, 3.432679e-77
3.788923e+02, 3.432679e-77
3.998058e+02, 3.432679e-77
4.218737e+02, 3.432679e-77
4.451596e+02, 3.432679e-77
4.697309e+02, 3.432679e-77
4.956584e+02, 3.432679e-77
5.230170e+02, 3.432679e-77
5.518857e+02, 3.432679e-77
5.823478e+02, 3.432679e-77
6.144914e+02, 3.432679e-77
6.484091e+02, 3.432679e-77
6.841990e+02, 3.432679e-77
7.219644e+02, 3.432679e-77
7.618143e+02, 3.432679e-77
8.038638e+02, 3.432679e-77
8.482342e+02, 3.432679e-77
8.950538e+02, 3.432679e-77
9.444576e+02, 3.432679e-77
9.965883e+02, 3.432679e-77
1.051596e+03, 3.432679e-77
1.109641e+03, 3.432679e-77
1.170889e+03, 3.432679e-77
1.235518e+03, 3.432679e-77
1.303714e+03, 3.432679e-77
1.375675e+03, 3.432679e-77
1.451607e+03, 3.432679e-77
1.531731e+03, 3.432679e-77
1.616277e+03, 3.432679e-77
1.705490e+03, 3.432679e-77
1.799627e+03, 3.432679e-77
1.898960e+03, 3.432679e-77
2.003776e+03, 3.432679e-77
2.114377e+03, 3.432679e-77
2.231083e+03, 3.432679e-77
2.354231e+03, 3.432679e-77
2.484177e+03, 3.432679e-77
2.621294e+03, 3.432679e-77
2.765981e+03, 3.432679e-77
2.918653e+03, 3.432679e-77
3.079752e+03, 3.432679e-77
3.249744e+03, 3.432679e-77
3.429118e+03, 3.432679e-77
3.618393e+03, 3.432679e-77
3.818116e+03, 3.432679e-77
4.028863e+03, 3.432679e-77
4.251242e+03, 3.432679e-77
4.485895e+03, 3.432679e-77
4.733501e+03, 3.432679e-77
4.994773e+03, 3.432679e-77
5.270467e+03, 3.432679e-77
5.561379e+03, 3.432679e-77
5.868347e+03, 3.432679e-77
6.192259e+03, 3.432679e-77
6.534050e+03, 3.432679e-77
6.894707e+03, 3.432679e-77
7.275270e+03, 3.432679e-77
7.676839e+03, 3.432679e-77
8.100574e+03, 3.432679e-77
8.547697e+03, 3.432679e-77
9.019500e+03, 3.432679e-77
9.517344e+03, 3.432679e-77
1.004267e+04, 3.432679e-77
1.059699e+04, 3.432679e-77
1.118190e+04, 3.432679e-77
1.179911e+04, 3.432679e-77
1.245038e+04, 3.432679e-77
1.313759e+04, 3.432679e-77
1.386274e+04, 3.432679e-77
1.462792e+04, 3.432679e-77
1.543533e+04, 3.432679e-77
1.628730e+04, 3.432679e-77
1.718630e+04, 3.432679e-77
1.813493e+04, 3.432679e-77
1.913591e+04, 3.432679e-77
2.019214e+04, 3.432679e-77
2.130668e+04, 3.432679e-77
2.248273e+04, 3.432679e-77
2.372370e+04, 3.432679e-77
2.503317e+04, 3.432679e-77
2.641491e+04, 3.432679e-77
2.787292e+04, 3.432679e-77
2.941141e+04, 3.432679e-77
3.103481e+04, 3.432679e-77
3.274782e+04, 3.432679e-77
3.455539e+04, 3.432679e-77
3.646272e+04, 3.432679e-77
3.847534e+04, 3.432679e-77
4.059904e+04, 3.432679e-77
4.283997e+04, 3.432679e-77
4.520458e+04, 3.432679e-77
4.769972e+04, 3.432679e-77
5.033257e+04, 3.432679e-77
5.311075e+04, 3.432679e-77
5.604228e+04, 3.432679e-77
5.913562e+04, 3.432679e-77
6.239969e+04, 3.432679e-77
6.584394e+04, 3.432679e-77
6.947829e+04, 3.432679e-77
7.331325e+04, 3.432679e-77
7.735988e+04, 3.432679e-77
8.162987e+04, 3.432679e-77
8.613555e+04, 3.432679e-77
9.088993e+04, 3.432679e-77
9.590674e+04, 3.432679e-77
1.012005e+05, 3.432679e-77
1.067864e+05, 3.432679e-77
1.126806e+05, 3.432679e-77
1.189002e+05, 3.432679e-77
1.254630e+05, 3.432679e-77
1.323882e+05, 3.432679e-77
1.396955e+05, 3.432679e-77
1.474062e+05, 3.432679e-77
1.555425e+05, 3.432679e-77
1.641279e+05, 3.432679e-77
1.731872e+05, 3.432679e-77
1.827465e+05, 3.432679e-77
1.928335e+05, 3.432679e-77
2.034772e+05, 3.432679e-77
2.147084e+05, 3.432679e-77
2.265596e+05, 3.432679e-77
2.390649e+05, 3.432679e-77
2.522604e+05, 3.432679e-77
2.661843e+05, 3.432679e-77
2.808767e+05, 3.432679e-77
2.963802e+05, 3.432679e-77
3.127393e+05, 3.432679e-77
3.300014e+05, 3.432679e-77
3.482163e+05, 3.432679e-77
3.674366e+05, 3.432679e-77
3.877178e+05, 3.432679e-77
4.091185e+05, 3.432679e-77
4.317004e+05, 3.432679e-77
4.555287e+05, 3.432679e-77
4.806723e+05, 3.432679e-77
5.072037e+05, 3.432679e-77
5.351996e+05, 3.432679e-77
5.647407e+05, 3.432679e-77
5.959124e+05, 3.432679e-77
6.288047e+05, 3.432679e-77
6.635125e+05, 3.432679e-77
7.001361e+05, 3.432679e-77
7.387811e+05, 3.432679e-77
7.795592e+05, 3.432679e-77
8.225882e+05, 3.432679e-77
8.679921e+05, 3.432679e-77
9.159022e+05, 2.767874e-03
9.664568e+05, 5.059702e-02
1.019802e+06, 1.090076e-01
1.076091e+06, 2.278357e-01
1.135488e+06, 2.254993e-01
1.198163e+06, 2.224592e-01
1.264297e+06, 2.188657e-01
1.334082e+06, 2.148249e-01
1.407718e+06, 2.104229e-01
1.485420e+06, 2.057325e-01
1.567409e+06, 2.008163e-01
1.653925e+06, 1.957288e-01
1.745216e+06, 1.905172e-01
1.841546e+06, 1.852225e-01
1.943192e+06, 1.798802e-01
2.050450e+06, 1.745207e-01
2.163627e+06, 1.691703e-01
2.283052e+06, 1.638513e-01
2.409068e+06, 1.585826e-01
2.542040e+06, 1.533801e-01
2.682352e+06, 1.482571e-01
2.830409e+06, 1.432246e-01
2.986637e+06, 1.382914e-01
3.151489e+06, 1.334648e-01
3.325440e+06, 1.287502e-01
3.508993e+06, 1.241520e-01
3.702677e+06, 1.196733e-01
3.907051e+06, 1.153161e-01
4.122707e+06, 1.110818e-01
4.350266e+06, 1.069707e-01
4.590385e+06, 1.029829e-01
4.843758e+06, 9.911773e-02
5.111117e+06, 9.537402e-02
5.393232e+06, 9.175037e-02
5.690920e+06, 8.824501e-02
6.005038e+06, 8.485593e-02
6.336495e+06, 8.158090e-02
6.686248e+06, 7.841753e-02
7.055305e+06, 7.536332e-02
7.444733e+06, 7.241565e-02
7.855656e+06, 6.957183e-02
8.289261e+06, 6.682913e-02
8.746799e+06, 6.418479e-02
9.229591e+06, 6.163603e-02
9.739032e+06, 5.918007e-02
1.027659e+07, 5.681414e-02
1.084382e+07, 5.453551e-02
1.144236e+07, 5.234146e-02
1.207394e+07, 5.022932e-02
1.274038e+07, 4.819646e-02
1.344361e+07, 4.624029e-02
1.418565e+07, 4.435827e-02
1.496864e+07, 4.254794e-02
1.579486e+07, 4.080687e-02
1.666668e+07, 3.913269e-02
1.758662e+07, 3.752311e-02
1.855734e+07, 3.597587e-02
1.958164e+07, 3.448879e-02
2.066248e+07, 3.305975e-02
2.180298e+07, 3.168668e-02
2.300642e+07, 3.036759e-02
2.427630e+07, 2.910052e-02
2.561626e+07, 2.788359e-02
2.703019e+07, 2.671498e-02
2.852216e+07, 2.559291e-02
3.009649e+07, 2.451567e-02
3.175771e+07, 2.348159e-02
3.351062e+07, 2.248908e-02
3.536029e+07, 2.153657e-02
3.731205e+07, 2.062257e-02
