# E / GeV | tau
4.154472e-02, 8.963537e-74
4.476117e-02, 8.963537e-74
4.822664e-02, 8.963537e-74
5.196041e-02, 8.963537e-74
5.598326e-02, 8.963537e-74
6.031757e-02, 8.963537e-74
6.498744e-02, 8.963537e-74
7.001886e-02, 8.963537e-74
7.543982e-02, 8.963537e-74
8.128048e-02, 8.963537e-74
8.757333e-02, 8.963537e-74
9.435338e-02, 8.963537e-74
1.016584e-01, 8.963537e-74
1.095289e-01, 8.963537e-74
1.180088e-01, 8.963537e-74
1.271452e-01, 8.963537e-74
1.369889e-01, 8.963537e-74
1.475948e-01, 8.963537e-74
1.590218e-01, 8.963537e-74
1.713335e-01, 8.963537e-74
1.845984e-01, 8.963537e-74
1.988903e-01, 8.963537e-74
2.142886e-01, 8.963537e-74
2.308792e-01, 8.963537e-74
2.487542e-01, 8.963537e-74
2.680131e-01, 8.963537e-74
2.887630e-01, 8.963537e-74
3.111194e-01, 8.963537e-74
3.352068e-01, 8.963537e-74
3.611589e-01, 8.963537e-74
3.891204e-01, 8.963537e-74
4.192466e-01, 8.963537e-74
4.517053e-01, 8.963537e-74
4.866770e-01, 8.963537e-74
5.243562e-01, 8.963537e-74
5.649526e-01, 8.963537e-74
6.086920e-01, 8.963537e-74
6.558178e-01, 8.963537e-74
7.065922e-01, 8.963537e-74
7.612976e-01, 8.963537e-74
8.202383e-01, 8.963537e-74
8.837423e-01, 8.963537e-74
9.521629e-01, 8.963537e-74
1.025881e+00, 8.963537e-74
1.105306e+00, 8.963537e-74
1.190880e+00, 8.963537e-74
1.283080e+00, 8.963537e-74
1.382418e+00, 8.963537e-74
1.489446e+00, 8.963537e-74
1.604761e+00, 8.963537e-74
1.729004e+00, 8.963537e-74
1.862866e+00, 8.963537e-74
2.007092e+00, 8.963537e-74
2.162484e+00, 8.963537e-74
2.329907e+00, 8.963537e-74
2.510291e+00, 8.963537e-74
2.704642e+00, 8.963537e-74
2.914039e+00, 8.963537e-74
3.139648e+00, 8.963537e-74
3.382724e+00, 8.963537e-74
3.644619e+00, 8.963537e-74
3.926791e+00, 8.963537e-74
4.230809e+00, 8.963537e-74
4.558364e+00, 8.963537e-74
4.911279e+00, 8.963537e-74
5.291517e+00, 8.963537e-74
5.701194e+00, 8.963537e-74
6.142588e+00, 8.963537e-74
6.618156e+00, 8.963537e-74
7.130543e+00, 8.963537e-74
7.682600e+00, 8.963537e-74
8.277398e+00, 8.963537e-74
8.918246e+00, 8.963537e-74
9.608709e+00, 8.963537e-74
1.035263e+01, 8.963537e-74
1.115414e+01, 8.963537e-74
1.201771e+01, 8.963537e-74
1.294814e+01, 8.963537e-74
1.395061e+01, 8.963537e-74
1.503068e+01, 8.963537e-74
1.619438e+01, 8.963537e-74
1.744817e+01, 8.963537e-74
1.879903e+01, 8.963537e-74
2.025448e+01, 8.963537e-74
2.182261e+01, 8.963537e-74
2.351215e+01, 8.963537e-74
2.533249e+01, 8.963537e-74
2.729377e+01, 1.543090e+00
2.940689e+01, 6.289148e+00
3.168362e+01, 1.303121e+01
3.413661e+01, 2.067342e+01
3.677951e+01, 2.988250e+01
3.962703e+01, 4.062621e+01
4.269502e+01, 5.290407e+01
4.600052e+01, 6.618985e+01
4.956195e+01, 7.998002e+01
5.339911e+01, 9.203008e+01
5.753334e+01, 9.990469e+01
6.198765e+01, 1.054278e+02
6.678683e+01, 1.092238e+02
7.195756e+01, 1.116668e+02
7.752861e+01, 1.130277e+02
8.353099e+01, 1.143924e+02
8.999808e+01, 1.150987e+02
9.696586e+01, 1.150888e+02
1.044731e+02, 1.149850e+02
1.125615e+02, 1.144542e+02
1.212762e+02, 1.134574e+02
1.306656e+02, 1.123440e+02
1.407819e+02, 1.108442e+02
1.516815e+02, 1.091567e+02
1.634248e+02, 1.072035e+02
1.760774e+02, 1.050133e+02
1.897096e+02, 1.027307e+02
2.043972e+02, 1.002703e+02
2.202219e+02, 9.772543e+01
2.372718e+02, 9.505271e+01
2.556417e+02, 9.234001e+01
2.754339e+02, 8.951590e+01
2.967583e+02, 8.669175e+01
3.197338e+02, 8.380362e+01
3.444880e+02, 8.093012e+01
3.711588e+02, 7.807190e+01
3.998944e+02, 7.522754e+01
4.308548e+02, 7.240424e+01
4.642122e+02, 6.961407e+01
5.001522e+02, 6.685904e+01
5.388747e+02, 6.415676e+01
5.805951e+02, 6.151418e+01
6.255456e+02, 5.893735e+01
6.739763e+02, 5.641691e+01
7.261565e+02, 5.396635e+01
7.823765e+02, 5.157558e+01
8.429492e+02, 4.927160e+01
9.082116e+02, 4.702988e+01
9.785266e+02, 4.486893e+01
1.054286e+03, 4.277470e+01
1.135910e+03, 4.076204e+01
1.223854e+03, 3.881881e+01
1.318606e+03, 3.694956e+01
1.420694e+03, 3.515005e+01
1.530687e+03, 3.342642e+01
1.649195e+03, 3.177105e+01
1.776877e+03, 3.018365e+01
1.914446e+03, 2.866289e+01
2.062665e+03, 2.720741e+01
2.222359e+03, 2.581679e+01
2.394418e+03, 2.448642e+01
2.579797e+03, 2.321691e+01
2.779528e+03, 2.200443e+01
2.994723e+03, 2.084861e+01
3.226579e+03, 1.974638e+01
3.476386e+03, 1.869671e+01
3.745532e+03, 1.769673e+01
4.035517e+03, 1.674596e+01
4.347952e+03, 1.584064e+01
4.684577e+03, 1.498044e+01
5.047263e+03, 1.416279e+01
5.438030e+03, 1.338608e+01
5.859050e+03, 1.264865e+01
6.312666e+03, 1.194873e+01
6.801401e+03, 1.128459e+01
7.327975e+03, 1.065496e+01
7.895318e+03, 1.005806e+01
8.506584e+03, 9.492228e+00
9.165176e+03, 8.956437e+00
9.874757e+03, 8.448812e+00
1.063928e+04, 7.968374e+00
1.146298e+04, 7.513592e+00
1.235046e+04, 7.083404e+00
1.330665e+04, 6.676399e+00
1.433687e+04, 6.291622e+00
1.544685e+04, 5.927838e+00
1.664277e+04, 5.584051e+00
1.793128e+04, 5.259252e+00
1.931954e+04, 4.952428e+00
2.081529e+04, 4.662717e+00
2.242684e+04, 4.389156e+00
2.416316e+04, 4.131000e+00
2.603390e+04, 3.886524e+00
2.804949e+04, 3.646968e+00
3.022112e+04, 3.420678e+00
3.256088e+04, 3.206799e+00
3.508179e+04, 3.005833e+00
3.779787e+04, 2.813607e+00
4.072424e+04, 2.631098e+00
4.387716e+04, 2.459561e+00
4.727420e+04, 2.298274e+00
5.093423e+04, 2.146812e+00
5.487763e+04, 2.017998e+00
5.912634e+04, 1.896512e+00
6.370398e+04, 1.781709e+00
6.863604e+04, 1.673316e+00
7.394994e+04, 1.571112e+00
7.967524e+04, 1.473183e+00
8.584382e+04, 1.380866e+00
9.248997e+04, 1.295317e+00
9.965067e+04, 1.213791e+00
1.073658e+05, 1.137308e+00
