#log10(E / eV)   log10(E*dN/dE / (cm-3 s-1))
17.0181238784 -28.3403847614
17.0584829241 -28.2992844857
17.1640402510 -28.1963959081
17.2059514456 -28.1535209127
17.3161641232 -28.0435679280
17.3565250852 -28.0055107084
17.4620787831 -27.8968593434
17.5039913610 -27.8561810540
17.6079942335 -27.7514060194
17.6514585368 -27.7082805753
17.7632234528 -27.5966951484
17.8035847562 -27.5591799731
17.9122466218 -27.4531247153
17.9541624604 -27.4176243760
18.0674916505 -27.3235190566
18.1109637521 -27.2927772413
18.2289694078 -27.2251380058
18.2755551489 -27.2056814662
18.3004036573 -27.1997189783
18.4029061010 -27.1788502705
18.4495038967 -27.1785364554
18.4774607165 -27.1753983038
18.5800002134 -27.2133699375
18.6250600579 -27.2373767968
18.7447199698 -27.3301091749
18.7851308480 -27.3713188104
18.8877275908 -27.5001969885
18.9234860050 -27.5530552285
19.0058999209 -27.6972366959
19.0385572225 -27.7587022218
19.1101045580 -27.9128639163
19.1381041124 -27.9775882918
19.2034474232 -28.1461070296
19.2298968448 -28.2158076169
19.2859207497 -28.3846326981
19.3092625633 -28.4526259815
19.3590742348 -28.6227726355
19.3824212152 -28.6989708776
19.4291307913 -28.8761643629
19.4493685304 -28.9480616563
19.4914183425 -29.1253111800
19.5101047561 -29.2002905865
19.5506042306 -29.3821912991
19.5692904325 -29.4568344750
19.6051301783 -29.6388472645
19.6222642288 -29.7152612545
19.6565502142 -29.8964895061
19.6748793252 -29.9816380559
