#log10(E / eV)   log10(E*dN/dE / (cm-3 s-1))
17.0041429695 -28.3379853830
17.0662347214 -28.2762030245
17.1298782842 -28.2121090812
17.1935226709 -28.1493236350
17.2587198936 -28.0858545200
17.3189158025 -28.0281909854
17.3844540526 -27.9581429599
17.4496521434 -27.8960523901
17.5132947798 -27.8304874383
17.5769388984 -27.7672761001
17.6390293270 -27.7033923008
17.7042258651 -27.6388360405
17.7678702218 -27.5760029617
17.8315143139 -27.5127495946
17.8951569980 -27.4472602946
17.9603552087 -27.3853602555
18.0240031120 -27.3281590379
18.0923106293 -27.2706636185
18.1606225930 -27.2202290402
18.2320457477 -27.1771915333
18.3050289972 -27.1449974608
18.3795730032 -27.1246975430
18.4572363253 -27.1246975430
18.5318042306 -27.1423496454
18.6017257020 -27.1812262996
18.6701058435 -27.2390579494
18.7307261458 -27.3072006686
18.7866931419 -27.3856544572
18.8380057731 -27.4727381625
18.8846613576 -27.5641928646
18.9282127382 -27.6593461024
18.9702127579 -27.7575254149
19.0091083621 -27.8590670327
19.0448972569 -27.9603284583
19.0791348262 -28.0646719971
19.1118187408 -28.1683991133
19.1413959109 -28.2717899989
19.1740830015 -28.3805605729
19.2036629241 -28.4883224553
19.2316889097 -28.5950196078
19.2581626522 -28.7033418744
19.2846383004 -28.8146902157
19.3095580001 -28.9217796371
19.3344786880 -29.0304381342
19.3578458130 -29.1386259087
19.3843222868 -29.2512855490
19.4045819403 -29.3579827015
19.4279511896 -29.4695439888
19.4513210318 -29.5820467216
19.4715826826 -29.6919156486
19.4933992371 -29.8043847583
19.5136615584 -29.9153184153
19.5276931271 -29.9981656161
