# lambda / um | nuFnu / (Jy um-1)
1.6913589368004325 0.038536739415296686  
1.8139354768203046 0.050168506701971136  
1.907209957922762 0.06476108149086215  
2.002943700801182 0.08163697287610297  
2.1732972805564743 0.09789941194633674  
2.2638327257438 0.13260849319201432  
2.4389691381584147 0.17593943328012296  
2.665294005072023 0.21438379949293018  
2.8919815423616244 0.2724321072251209  
3.137949218902143 0.3445274885204851  
3.404836841513042 0.42371360997126867  
3.7552320489395363 0.5282669394180833  
4.108016814492406 0.6610353856729712  
4.493943897000452 0.801895273345131  
4.974434223863181 1.0066704502919126  
5.647922783013447 1.2644512018115435  
6.541833106975997 1.6122969296286875  
7.719925646025934 1.6626613701581339  
8.872532509019353 1.4843528122096001  
10.165566597040952 1.8425295615983825  
11.871000933706732 2.3385561573121825  
14.369486937728317 2.6026520636063752  
16.391242373378454 3.0802856555696616  
18.990605530676074 3.6995040367890586  
21.544346900318846 3.3318460563645727  
24.387080808935828 2.9618319875866828  
27.728244471507253 2.433936211623949  
30.667526031917383 2.144582191671363  
32.80814949132081 1.7780069613174576  
36.025722746125666 1.502790345575632  
38.81870971495882 1.2326177935480467  
43.12242706791518 0.9243093414802729  
46.90648359397067 0.749721879923683  
51.022596656867854 0.5924045482254341  
54.345028062727856 0.5063263352117727  
57.88380577728079 0.41068927344378603  
62.963195039380466 0.3245125959512668  
67.0631607471032 0.2632172829778664  
71.43010335766556 0.2026133027615528  
76.08140756931411 0.16434284435626836  
79.34935099884589 0.13330107215563194  
85.5828771288371 0.10613335497691281  
90.61543060757089 0.0849504056718455  
98.32241856678931 0.06263527739379265  
104.9573527694743 0.04908421429645023  
112.040021603952 0.036933331857277985  