#log10(E / eV)   log10(E*dN/dE / (cm-3 s-1))
17.00310 -26.80636
17.07963 -26.73153
17.15616 -26.65601
17.23270 -26.57843
17.30923 -26.50308
17.38576 -26.42567
17.46230 -26.34877
17.53883 -26.27153
17.61536 -26.19601
17.69190 -26.11980
17.76843 -26.04325
17.84496 -25.96705
17.92149 -25.89152
18.00015 -25.81377
18.07668 -25.73898
18.15322 -25.66479
18.23399 -25.59240
18.31477 -25.52271
18.39979 -25.45813
18.48481 -25.39866
18.57831 -25.34399
18.67181 -25.30134
18.76955 -25.26710
18.86941 -25.24719
18.97137 -25.24147
19.07333 -25.24841
19.17740 -25.26437
19.27296 -25.29353
19.36852 -25.33168
19.46407 -25.37557
19.55750 -25.42363
19.64667 -25.47684
19.73584 -25.53417
19.82288 -25.59390
19.90780 -25.65668
19.99271 -25.72216
20.07550 -25.79026
20.15616 -25.85994
20.23470 -25.93332
20.31323 -26.00687
20.39389 -26.07876
20.46817 -26.15980
20.54245 -26.23858
20.61673 -26.31689
20.68889 -26.39709
20.76317 -26.47613
20.83533 -26.55474
20.90748 -26.64296
20.97964 -26.72329
