# nu / Hz, nuFnu / (erg cm-2 s-1), nuFnu_err_low / (erg cm-2 s-1), nuFnu_err_high / (erg cm-2 s-1)
2.3e+11 5.681e-13 4.75333e-14 4.75333e-14 SMA
4.3212e+10 7.19912e-14 7.2164e-15 7.2164e-15 VLBA_core(BP143)
4.3212e+10 9.09613e-14 9.11773e-15 9.11773e-15 VLBA(BP143)
4.80504e+09 1.77341e-14 1.77341e-15 1.77341e-15 VLBA(BK150)
8.26735e+09 2.83627e-14 2.83627e-15 2.83627e-15 VLBA(BK150)
1.53624e+10 4.97842e-14 4.97842e-15 4.97842e-15 VLBA(BK150)
2.37997e+10 7.11755e-14 7.11755e-15 7.11755e-15 VLBA(BK150)
4.32089e+10 1.15391e-13 1.15391e-14 1.15391e-14 VLBA(BK150)
3.7e+10 1.46292e-13 8.1402e-15 8.1402e-15 Metsahovi
2.19998e+10 1.122e-13 4.94389e-14 4.94389e-14 Noto
8.39999e+09 4.0005e-14 5.04109e-15 5.04109e-15 Noto
1.49997e+10 3.855e-14 2.70936e-15 2.70936e-15 VLBA_core(MOJAVE)
1.49997e+10 4.8375e-14 3.39577e-15 3.39577e-15 VLBA(MOJAVE)
1.49248e+10 6.36824e-14 1.62139e-16 1.62139e-16 OVRO
2.29954e+09 1.3409e-14 3.91e-16 3.91e-16 RATAN
4.79904e+09 2.3136e-14 2.4e-16 2.4e-16 RATAN
7.69846e+09 3.696e-14 4.62e-16 4.62e-16 RATAN
1.10978e+10 4.6176e-14 6.66e-16 6.66e-16 RATAN
2.21956e+10 6.7932e-14 6.216e-15 6.216e-15 RATAN
8.38866e+09 3.16345e-14 1.93149e-15 1.93149e-15 Medicina
2.6397e+09 1.79309e-14 3.2311e-26 3.2311e-26 Effelsberg
4.84355e+09 2.77614e-14 2.61534e-26 2.61534e-26 Effelsberg
8.33187e+09 3.98963e-14 3.62767e-26 3.62767e-26 Effelsberg
1.04489e+10 4.62674e-14 3.29773e-26 3.29773e-26 Effelsberg
1.45657e+10 5.62842e-14 4.45346e-26 4.45346e-26 Effelsberg
3.19844e+10 1.0976e-13 1.1e-25 1.1e-25 Effelsberg
2.30104e+10 8.09055e-14 2.3e-25 2.3e-25 Effelsberg
1.63028e+15 1.42996e-10 6.0752e-13 6.0752e-13 Swift/UVOT
1.38323e+15 1.37567e-10 5.29099e-13 5.29099e-13 Swift/UVOT
1.20084e+15 1.19939e-10 6.50751e-13 6.50751e-13 Swift/UVOT
6.85802e+14 8.79614e-11 2.84017e-13 2.84017e-13 ROVOR
5.46231e+14 9.09755e-11 1.6561e-13 1.6561e-13 ROVOR
4.7136e+14 7.75347e-11 1.60008e-13 1.60008e-13 ROVOR
5.46231e+14 1.09529e-10 3.32759e-13 3.32759e-13 NewMexicoSkies
4.7136e+14 9.79406e-11 2.88317e-13 2.88317e-13 NewMexicoSkies
6.28013e+14 9.46054e-11 6.61377e-13 6.61377e-13 MITSuME
4.59158e+14 9.27013e-11 8.57435e-13 8.57435e-13 MITSuME
3.73818e+14 7.56882e-11 3.9855e-13 3.9855e-13 MITSuME
6.64417e+14 8.15092e-11 2.02549e-13 2.02549e-13 GRT
5.204e+14 7.89342e-11 1.44691e-13 1.44691e-13 GRT
4.33959e+14 6.64927e-11 1.16531e-13 1.16531e-13 GRT
3.3124e+14 6.08952e-11 1.33452e-13 1.33452e-13 GRT
4.33959e+14 7.19934e-11 2.46809e-13 2.46809e-13 GASP
2.40327e+14 9.56282e-11 5.80879e-13 5.80879e-13 WIRO
1.4048e+14 6.06227e-11 5.66955e-13 5.66955e-13 WIRO
1.41965e+14 4.28893e-11 4.94862e-13 4.94862e-13 OAGH
2.41083e+14 6.16376e-11 7.91666e-13 7.91666e-13 OAGH
1.84336e+14 6.16879e-11 7.27751e-13 7.27751e-13 OAGH
3.61892e+18 5.21944e-11 7.53996e-12 7.53996e-12 Swift/BAT
4.10346e+18 5.2567e-11 7.68535e-12 7.68535e-12 Swift/BAT
4.81174e+18 4.49181e-11 5.87701e-12 5.87701e-12 Swift/BAT
6.00129e+18 3.52174e-11 5.7238e-12 5.7238e-12 Swift/BAT
8.54478e+18 1.78574e-11 4.78368e-12 4.78368e-12 Swift/BAT
1.40219e+19 2.00831e-11 6.31683e-12 6.31683e-12 Swift/BAT
2.9312e+19 1.74981e-11 1.26157e-11 1.26157e-11 Swift/BAT
8.35809e+17 2.27591e-10 5.96328e-13 5.96328e-13 RXTE/PCA
9.33056e+17 2.13719e-10 5.74588e-13 5.74588e-13 RXTE/PCA
1.03042e+18 2.0343e-10 5.78577e-13 5.78577e-13 RXTE/PCA
1.1279e+18 1.92766e-10 5.9656e-13 5.9656e-13 RXTE/PCA
1.22551e+18 1.83128e-10 6.30055e-13 6.30055e-13 RXTE/PCA
1.32324e+18 1.71431e-10 6.65199e-13 6.65199e-13 RXTE/PCA
1.4211e+18 1.65045e-10 6.97588e-13 6.97588e-13 RXTE/PCA
1.51909e+18 1.58473e-10 7.22326e-13 7.22326e-13 RXTE/PCA
1.61721e+18 1.50624e-10 7.45763e-13 7.45763e-13 RXTE/PCA
1.71546e+18 1.4555e-10 7.81903e-13 7.81903e-13 RXTE/PCA
1.81384e+18 1.37451e-10 8.20289e-13 8.20289e-13 RXTE/PCA
1.91234e+18 1.31943e-10 8.65468e-13 8.65468e-13 RXTE/PCA
2.01098e+18 1.29387e-10 9.13315e-13 9.13315e-13 RXTE/PCA
2.10974e+18 1.23633e-10 9.58738e-13 9.58738e-13 RXTE/PCA
2.20864e+18 1.18479e-10 1.01129e-12 1.01129e-12 RXTE/PCA
2.30765e+18 1.15023e-10 1.0812e-12 1.0812e-12 RXTE/PCA
2.50225e+18 1.07685e-10 7.17767e-13 7.17767e-13 RXTE/PCA
2.80119e+18 9.78524e-11 9.04935e-13 9.04935e-13 RXTE/PCA
3.19531e+18 8.74656e-11 9.94999e-13 9.94999e-13 RXTE/PCA
3.69877e+18 7.45099e-11 1.55204e-12 1.55204e-12 RXTE/PCA
4.20472e+18 6.37739e-11 2.5809e-12 2.5809e-12 RXTE/PCA
4.99533e+18 5.15965e-11 3.15793e-12 3.15793e-12 RXTE/PCA
6.53965e+18 4.17094e-11 8.50054e-12 8.50054e-12 RXTE/PCA
8.35153e+16 2.9752e-10 1.06113e-12 1.06113e-12 Swift/XRT
1.00407e+17 3.03803e-10 9.43548e-13 9.43548e-13 Swift/XRT
1.20716e+17 3.01601e-10 9.22605e-13 9.22605e-13 Swift/XRT
1.45132e+17 3.08321e-10 9.56039e-13 9.56039e-13 Swift/XRT
1.74487e+17 3.10603e-10 8.79733e-13 8.79733e-13 Swift/XRT
2.09779e+17 3.01721e-10 7.93408e-13 7.93408e-13 Swift/XRT
2.52209e+17 2.91174e-10 7.51209e-13 7.51209e-13 Swift/XRT
3.03221e+17 2.7731e-10 7.28894e-13 7.28894e-13 Swift/XRT
6.11927e+17 2.18943e-10 1.09623e-12 1.09623e-12 Swift/XRT
7.3128e+17 2.02613e-10 1.12251e-12 1.12251e-12 Swift/XRT
8.73913e+17 1.81505e-10 1.13408e-12 1.13408e-12 Swift/XRT
1.04437e+18 1.59981e-10 1.1617e-12 1.1617e-12 Swift/XRT
1.24807e+18 1.37183e-10 1.26853e-12 1.26853e-12 Swift/XRT
1.49149e+18 1.18215e-10 1.51647e-12 1.51647e-12 Swift/XRT
1.7824e+18 9.85877e-11 2.03808e-12 2.03808e-12 Swift/XRT
2.13005e+18 8.46068e-11 3.45022e-12 3.45022e-12 Swift/XRT
3.83082e+22 2.1695e-11 2.95828e-12 2.95828e-12 Fermi
9.6229e+22 2.77879e-11 2.10104e-12 2.10104e-12 Fermi
2.41815e+23 2.82562e-11 2.3323e-12 2.3323e-12 Fermi
6.07386e+23 4.08539e-11 3.97698e-12 3.97698e-12 Fermi
1.52563e+24 4.94972e-11 6.86634e-12 6.86634e-12 Fermi
3.83227e+24 6.51299e-11 1.15832e-11 1.15832e-11 Fermi
9.62624e+24 5.38696e-11 1.6369e-11 1.6369e-11 Fermi
2.41799e+25 9.75426e-11 3.56046e-11 3.56046e-11 Fermi
6.07371e+25 1.14705e-10 6.5737e-11 6.5737e-11 Fermi
2.41227e+25 7.49107e-11 1.1223e-11 1.1223e-11 MAGIC
3.82319e+25 8.19921e-11 7.05066e-12 7.05066e-12 MAGIC
6.05936e+25 5.61433e-11 5.79397e-12 5.79397e-12 MAGIC
9.60343e+25 4.66222e-11 5.09791e-12 5.09791e-12 MAGIC
1.52204e+26 5.22158e-11 4.89063e-12 4.89063e-12 MAGIC
2.41227e+26 3.66834e-11 4.68203e-12 4.68203e-12 MAGIC
3.82319e+26 2.24787e-11 4.34322e-12 4.34322e-12 MAGIC
6.05936e+26 1.97208e-11 4.40736e-12 4.40736e-12 MAGIC
9.60343e+26 7.99422e-12 3.46911e-12 3.46911e-12 MAGIC
