# E / eV, nuFnu / (erg cm-2 s-1), nuFnu_err_low / (erg cm-2 s-1), nuFnu_err_high / (erg cm-2 s-1) 
0.000153032 7.5516e-13 9.46837e-14 9.46837e-14
1.93565 1.11709e-11 1.74894e-13 1.74894e-13
3.57785 1.60063e-11 3.64347e-13 3.72833e-13
6.02623 1.42985e-11 3.5761e-13 3.66783e-13
485 1.34429e-12 5.27981e-13 5.27981e-13
790 1.8538e-12 3.28493e-13 3.28493e-13
1020 1.9126e-12 2.69963e-13 2.69963e-13
1220 2.53415e-12 2.97719e-13 2.97719e-13
1435 2.35679e-12 2.95712e-13 2.95712e-13
1745 2.60314e-12 3.6221e-13 3.6221e-13
2320 2.57534e-12 4.92738e-13 4.92738e-13
3095 4.51499e-12 6.96508e-13 6.96508e-13
4230 4.11999e-12 8.21658e-13 8.21658e-13
1.36673e+08 7.11164e-10 8.29884e-11 8.29884e-11
3.04365e+08 6.32652e-10 8.76826e-11 8.76826e-11
6.77807e+08 5.7073e-10 1.00911e-10 1.00911e-10
1.50945e+09 6.50915e-10 1.45958e-10 1.45958e-10
3.36148e+09 5.01149e-10 1.9414e-10 1.9414e-10
1.30409e+11 3.70354e-11 4.98141e-12 4.98141e-12
1.9821e+11 1.66412e-11 4.85439e-12 4.85439e-12
3.01262e+11 1.03659e-11 5.01836e-12 5.01836e-12