1.071891319205127813e+00 1.436777944192143440e+09
1.231550603292825619e+00 1.073373284368382692e+09
1.414991297434575968e+00 8.018830988786824942e+08
1.625755666443794212e+00 5.990600526554563046e+08
1.867913599020782467e+00 4.475365776775346398e+08
2.146141197858403959e+00 3.343377538283901215e+08
2.465811075822602838e+00 2.497703134366190732e+08
2.833096101839323921e+00 1.865926400047061145e+08
3.255088599835058272e+00 1.393946918449320495e+08
3.739937302478796965e+00 1.041347562314794213e+08
4.297004704320841029e+00 7.779336834819114208e+07
4.937047852839002715e+00 5.811476159451059997e+07
5.672426068491977169e+00 4.341371072394174337e+07
6.517339604882423920e+00 3.243122858329560980e+07
7.488103857590022727e+00 2.422676033777577430e+07
8.603464416684502680e+00 1.809764418693942577e+07
9.884959046625583667e+00 1.351894228895036317e+07
1.135733358343105159e+01 1.009848982567728683e+07
1.304901978014402175e+01 7.543313208032799885e+06
1.499268432786045580e+01 5.634541915011268109e+06
1.722585965398786456e+01 4.208665736939663999e+06
1.979166867853556511e+01 3.143532526888265274e+06
2.273965752357927528e+01 2.347887477158212569e+06
2.612675225563327785e+01 1.753558186762245139e+06
3.001835813575588929e+01 1.309616336702545639e+06
3.448962260405757974e+01 9.780160411805658368e+05
3.962688638701478538e+01 7.303353869070007931e+05
4.552935074866947929e+01 5.453421362815274624e+05
5.231099308056261066e+01 4.071751419077253668e+05
6.010276782070381785e+01 3.039857424677237286e+05
6.905513520162327268e+01 2.269227978294843051e+05
7.934096665797491710e+01 1.693744470287154836e+05
9.115888299750818646e+01 1.264016560759049753e+05
1.047370897959449678e+02 9.431504572963831015e+04
1.203377840777589256e+02 7.035875866939501429e+04
1.382622173764654860e+02 5.247429131716545817e+04
1.588565129428052671e+02 3.912406226783653256e+04
1.825183494319042552e+02 2.915960212034864162e+04
2.097046401323232772e+02 2.172306506258355876e+04
2.409403560239524325e+02 1.617360924375393733e+04
2.768286630392063898e+02 1.203232596900348653e+04
3.180625692794118891e+02 8.941024852594846379e+03
3.654383070957254631e+02 6.631461587638006677e+03
4.198707084443910276e+02 4.902593943370223315e+03
4.824108704165368522e+02 3.604113952460703331e+03
5.542664520663101939e+02 2.624741950160013403e+03
6.368249944718586448e+02 1.883687553670714124e+03
7.316807143427191704e+02 1.323694356239990384e+03
8.406652885618325399e+02 9.046096834431309617e+02
9.658832241158698935e+02 5.973888505538089930e+02
1.109752496412072105e+03 3.792310045158228604e+02
1.275051240713012930e+03 2.305705247014873578e+02
1.464971398307284744e+03 1.339867598505425406e+02
1.683180353330956677e+03 7.437173842665141876e+01
1.933891750455230067e+03 3.945148061770043313e+01
2.221946860939523958e+03 2.002602104749720624e+01
2.552908068239516524e+03 9.745016104239578425e+00
2.933166278390042407e+03 4.555313610467368157e+00
3.370064329271928273e+03 2.049893624893154964e+00
3.872038781812553225e+03 8.899031594382529331e-01
4.448782831127585268e+03 3.734536734052463780e-01
5.111433483440165219e+03 1.517898206779190740e-01
5.872786613189477066e+03 5.985791546272571650e-02
6.747544053110693312e+03 2.293790275549106861e-02
7.752597488629456166e+03 8.553115400820886921e-03
8.907354638610438997e+03 3.106763046324752427e-03
1.023411402105452726e+04 1.100147513056182712e-03
1.175849554052155690e+04 3.799693839642483291e-04
1.350993521198025155e+04 1.280036135520691370e-04
1.552225357427048039e+04 4.204239295551255909e-05
1.783430876931909370e+04 1.344978686939260917e-05
2.049074689815846068e+04 4.183898791253979691e-06
2.354286414322415294e+04 1.262386499705432142e-06
2.704959730463131564e+04 3.681187011171508932e-07
3.107866187782014094e+04 1.032260740421228735e-07
3.570785964900462568e+04 2.764234918834682753e-08
4.102658105827190593e+04 7.000355637745304199e-09
4.713753134116718866e+04 1.653480798183866864e-09
5.415871378079464921e+04 3.568756821696188532e-10
6.222570836730231531e+04 6.817509565753986285e-11
7.149428986597576295e+04 1.092207854109779401e-11
8.214343584919422574e+04 1.321329213195081459e-12
9.437878277775371680e+04 9.200856680717287545e-14
1.084365968689608708e+05 0.000000000000000000e+00
1.245883364295008214e+05 0.000000000000000000e+00
1.431458937523478526e+05 0.000000000000000000e+00
1.644676177994662721e+05 0.000000000000000000e+00
1.889652339691207744e+05 0.000000000000000000e+00
2.171117945694500813e+05 0.000000000000000000e+00
2.494508135230316548e+05 0.000000000000000000e+00
2.866067616948250216e+05 0.000000000000000000e+00
3.292971255097148241e+05 0.000000000000000000e+00
3.783462617131925072e+05 0.000000000000000000e+00
4.347013158125017653e+05 0.000000000000000000e+00
4.994505115855140029e+05 0.000000000000000000e+00
5.738441648302392568e+05 0.000000000000000000e+00
6.593188271333541488e+05 0.000000000000000000e+00
7.575250258771905210e+05 0.000000000000000000e+00
8.703591361485165544e+05 0.000000000000000000e+00
