#log10(x)   log10(x*dN/dx / s-1)
-2.0997720621 -18.9843279844
-2.0560506670 -18.9440012705
-1.9864939021 -18.8730481233
-1.9089877926 -18.7960264295
-1.8672537336 -18.7573676265
-1.7976969687 -18.6916962756
-1.7182035231 -18.6240592228
-1.6724947919 -18.5923374451
-1.5850520017 -18.5477138995
-1.4916472031 -18.5335946648
-1.4399764635 -18.5440784079
-1.4121537575 -18.5510112058
-1.3525336733 -18.5958545718
-1.2809895723 -18.6761090094
-1.2452175217 -18.7252973972
-1.1975214544 -18.8099596624
-1.1518127231 -18.9093184929
-1.1180280087 -18.9818476013
