#log10(x)   log10(x*dN/dx / s-1)
-3.9837667231 -18.5124580858
-3.9320959834 -18.4624066667
-3.8804252438 -18.4103261361
-3.8287545041 -18.3592601612
-3.7770837645 -18.3073487232
-3.7254130248 -18.2562827484
-3.6737422852 -18.2043713104
-3.6220715455 -18.1522907798
-3.5704008059 -18.1003793418
-3.5187300662 -18.0494824596
-3.4670593266 -17.9975710216
-3.4153885870 -17.9459977688
-3.3637178473 -17.8944245161
-3.3120471077 -17.8425130781
-3.2603763680 -17.7909398254
-3.2087056284 -17.7388592947
-3.1570348887 -17.6872860420
-3.1053641491 -17.6355436966
-3.0536934094 -17.5844777218
-3.0020226698 -17.5322280985
-2.9503519301 -17.4811621237
-2.8986811905 -17.4290815930
-2.8470104508 -17.3771701550
-2.7953397112 -17.3254278097
-2.7436689715 -17.2735163717
-2.6919982319 -17.2222813042
-2.6403274922 -17.1707080515
-2.5886567526 -17.1186275208
-2.5369860129 -17.0672233607
-2.4853152733 -17.0161573859
-2.4336445336 -16.9637386700
-2.3819737940 -16.9125036025
-2.3303030543 -16.8607612572
-2.2786323147 -16.8086807265
-2.2269615750 -16.7574456591
-2.1752908354 -16.7058724063
-2.1236200957 -16.6542991536
-2.0719493561 -16.6034022714
-2.0202786165 -16.5526744818
-1.9686078768 -16.5021157849
-1.9169371372 -16.4539243848
-1.8652663975 -16.4070857257
-1.8135956579 -16.3626143635
-1.7619249182 -16.3206793908
-1.7102541786 -16.2812808076
-1.6585834389 -16.2461095401
-1.6069126993 -16.2152783169
-1.5552419596 -16.1882798600
-1.5035712200 -16.1669741884
-1.4519004803 -16.1515867589
-1.4002297407 -16.1437521336
-1.3485590010 -16.1416102936
-1.2968882614 -16.1495576473
-1.2452175217 -16.1647759842
-1.1935467821 -16.1903089716
-1.1418760424 -16.2273402580
-1.0902053028 -16.2785753255
-1.0444965716 -16.3332429734
-1.0067371849 -16.3889552380
-0.9729524705 -16.4462306700
-0.9431424284 -16.5032269650
-0.9153197224 -16.5628925080
-0.8894843526 -16.6250179462
-0.8676236551 -16.6807790597
-0.8477502937 -16.7366134468
-0.8278769323 -16.7942063972
-0.8080035709 -16.8588336012
-0.7901175456 -16.9182950252
-0.7742188565 -16.9770969879
-0.7583201674 -17.0380971549
-0.7424214782 -17.1029441792
-0.7265227891 -17.1705389588
-0.7126114361 -17.2291577379
-0.6990975504 -17.3024312117
-0.6887634024 -17.3603172561
-0.6768393856 -17.4229660762
-0.6649153688 -17.4863476311
-0.6545812208 -17.5455525979
-0.6430546712 -17.6123780060
-0.6315281216 -17.6781775855
-0.6227838426 -17.7429513364
-0.6112572930 -17.8146127938
-0.5997307434 -17.8897913780
-0.5913839316 -17.9558474146
-0.5834345870 -18.0173971327
-0.5754852424 -18.0756495444
-0.5695232340 -18.1289559966
-0.5599840205 -18.1963089737
-0.5536245449 -18.2549863716
-0.5456752003 -18.3259700493
-0.5377258558 -18.3971369108
-0.5305714457 -18.4753929808
-0.5234170356 -18.5452958749
-0.5154676910 -18.6235519449
-0.5079158137 -18.7089155420
-0.5003639363 -18.7923740286
-0.4949981288 -18.8593093470
-0.4884399195 -18.9267785149
-0.4827428892 -18.9928502531
