#log10(x)   log10(x*dN/dx / s-1)
-3.9976780761 -18.4482451588
-3.9142099582 -18.3696593581
-3.8327291764 -18.2882036797
-3.7512483947 -18.2062595115
-3.6697676129 -18.1241525133
-3.5843121589 -18.0425665709
-3.5068060494 -17.9618924762
-3.4233379315 -17.8795997039
-3.3438444859 -17.7992253643
-3.2603763680 -17.7169148287
-3.1808829224 -17.6353370278
-3.0954274684 -17.5525135779
-3.0179213589 -17.4719371812
-2.9344532410 -17.3915806049
-2.8509851231 -17.3070718651
-2.7714916775 -17.2267152888
-2.6900108957 -17.1454794308
-2.6085301140 -17.0623384625
-2.5290366684 -16.9834473557
-2.4455685505 -16.9006483302
-2.3601130964 -16.8188262844
-2.2826069870 -16.7372833757
-2.1951641968 -16.6527773199
-2.1196454235 -16.5740579897
-2.0361773056 -16.4932478157
-1.9546965238 -16.4107846270
-1.8712284059 -16.3310997242
-1.7857729519 -16.2570629851
-1.6923681533 -16.1939867363
-1.5930013463 -16.1387019003
-1.4876725308 -16.0987922816
-1.3783690431 -16.0833071541
-1.2750275638 -16.1195775237
-1.1955341182 -16.1997570224
-1.1359140340 -16.3066447023
-1.0941799751 -16.4152987964
-1.0584079245 -16.5311755615
-1.0266105463 -16.6475757085
-0.9987878403 -16.7660693833
-0.9749398066 -16.8850864401
-0.9510917730 -17.0047315552
-0.9312184116 -17.1243766703
-0.9153197224 -17.2443986205
-0.8954463610 -17.3636669006
-0.8775603358 -17.4845157942
-0.8636489828 -17.6045272767
-0.8477502937 -17.7248004502
-0.8338389407 -17.8450212855
-0.8199275877 -17.9648757534
-0.8060162347 -18.0868237491
-0.7940922179 -18.2066258788
-0.7821682010 -18.3267943759
-0.7702441842 -18.4480619751
-0.7563328312 -18.5698529563
-0.7463961505 -18.6898644388
-0.7344721337 -18.8129638748
-0.7225481168 -18.9320332698
-0.7159284703 -18.9994448657
