#log10(x)   log10(x*dN/dx / s-1)
-3.9886048533 -17.1482865796
-3.9336861935 -17.0911754529
-3.8787675338 -17.0367366849
-3.8238488741 -16.9819416025
-3.7689302143 -16.9273246773
-3.7140115546 -16.8735985383
-3.6590928948 -16.8186252986
-3.6041742351 -16.7627612726
-3.5513678315 -16.7078246484
-3.4985614279 -16.6551248874
-3.4436427681 -16.5996171760
-3.3887241084 -16.5450002508
-3.3338054486 -16.4919867408
-3.2788867889 -16.4368353438
-3.2239681292 -16.3804368461
-3.1690494694 -16.3233079037
-3.1141308097 -16.2703122095
-3.0592121499 -16.2165860705
-3.0042934902 -16.1610783590
-2.9493748304 -16.1064614338
-2.8944561707 -16.0532103808
-2.8391854682 -15.9955504318
-2.7846188512 -15.9438577589
-2.7311083622 -15.8916736661
-2.6747815317 -15.8387215252
-2.6198628720 -15.7880240595
-2.5649442122 -15.7332289770
-2.5100255525 -15.6828878258
-2.4551068927 -15.6353971905
-2.4001882330 -15.5900444423
-2.3452695732 -15.5427319643
-2.2903509135 -15.4970229015
-2.2354322538 -15.4570148707
-2.1805135940 -15.4118402797
-2.1255949343 -15.3768206519
-2.0706762745 -15.3391286653
-2.0157576148 -15.3041090375
-1.9608389550 -15.2728307119
-1.9059202953 -15.2408397573
-1.8510016355 -15.2172221934
-1.7960829758 -15.1937827868
-1.7411643161 -15.1730157389
-1.6862456563 -15.1559899932
-1.6313269966 -15.1427055497
-1.5764083368 -15.1313808360
-1.5214896771 -15.1261134688
-1.4665710173 -15.1229839885
-1.4116523576 -15.1219923952
-1.3567336978 -15.1277707774
-1.3018150381 -15.1419225503
-1.2468963784 -15.1580340530
-1.1919777186 -15.1803810593
-1.1370590589 -15.2089635694
-1.0821403991 -15.2461688903
-1.0272217394 -15.2888970859
-0.9723030796 -15.3403193553
-0.9216089322 -15.3970447607
-0.8772515532 -15.4557031551
-0.8371186864 -15.5145100024
-0.8012103320 -15.5746812258
-0.7695264898 -15.6338263369
-0.7399549038 -15.6937542737
-0.7124955739 -15.7551681211
-0.6871485002 -15.8173510083
-0.6639136826 -15.8786817041
-0.6427911212 -15.9366125602
-0.6216685597 -16.0019547577
-0.6005459983 -16.0710026261
-0.5815356930 -16.1403949260
-0.5646376438 -16.2010990851
-0.5477395947 -16.2684039703
-0.5308415455 -16.3442782191
-0.5139434964 -16.4197182096
-0.5000026058 -16.4935907053
-0.4870876683 -16.5583257886
-0.4738106296 -16.6336710702
-0.4628268977 -16.6969917494
-0.4501533608 -16.7689613737
-0.4379022752 -16.8371475308
-0.4273409945 -16.9126654480
-0.4155123601 -16.9870271280
-0.4045286281 -17.0593031783
-0.3956571523 -17.1284495938
-0.3872081277 -17.1911876919
-0.3787591032 -17.2564348379
-0.3703100786 -17.3253490540
-0.3639733102 -17.3873121624
-0.3538344807 -17.4643875507
-0.3477793464 -17.5468261989
-0.3407384926 -17.6102641453
-0.3301772119 -17.6960691589
-0.3234179922 -17.7778543409
-0.3175036750 -17.8559596825
-0.3053247351 -17.9745977594
-0.3132791627 -17.9038614274
