#log10(x)   log10(x*dN/dx / s-1)
-3.9949416217 -17.1702800748
-3.9167881444 -17.0891999327
-3.8365224109 -17.0085087730
-3.7541444213 -16.9274345810
-3.6759909440 -16.8500835040
-3.5915006982 -16.7648972144
-3.5091227086 -16.6857530592
-3.4330814874 -16.6036405891
-3.3485912416 -16.5226980412
-3.2662132520 -16.4416238491
-3.1838352624 -16.3625440285
-3.1044144314 -16.2789308896
-3.0211915393 -16.1974976140
-2.9388135497 -16.1147828906
-2.8648845847 -16.0390102485
-2.7782820828 -15.9525963891
-2.6959040931 -15.8744815869
-2.6135261035 -15.7953374317
-2.5311481139 -15.7130684549
-2.4508823804 -15.6367888080
-2.3621676224 -15.5535361659
-2.2755651205 -15.4789496310
-2.1889626186 -15.4071708401
-2.0981356044 -15.3371970694
-2.0030840779 -15.2758592707
-1.9059202953 -15.2175803387
-1.8045320004 -15.1706302396
-1.6989191932 -15.1357809882
-1.5933063860 -15.1101959138
-1.4834690665 -15.1020300109
-1.3736317470 -15.1107626530
-1.2637944275 -15.1417979432
-1.1708551572 -15.1957493002
-1.0779158868 -15.2699568535
-0.9997624095 -15.3552458891
-0.9321702129 -15.4505884086
-0.8751392970 -15.5509617209
-0.8202206373 -15.6565845156
-0.7737510021 -15.7592176392
-0.7293936231 -15.8771226509
-0.6871485002 -15.9931773666
-0.6554646580 -16.1067467600
-0.6237808159 -16.2161858746
-0.5878724614 -16.3358435914
-0.5604131316 -16.4513536149
-0.5371783140 -16.5713574315
-0.5118312402 -16.6862689257
-0.4907086788 -16.8048801407
-0.4674738612 -16.9241891440
-0.4505758121 -17.0420995957
-0.4336777629 -17.1613996740
-0.4146674576 -17.2816291450
-0.3956571523 -17.4013568063
-0.3872081277 -17.5181359367
-0.3681978224 -17.6416078695
-0.3555242856 -17.7581999462
-0.3449630049 -17.8794983378
-0.3301772119 -17.9966337997
