#log10(x)   log10(x*dN/dx / s-1)
-3.9851053155 -17.3301723586
-3.9387045381 -17.2870496525
-3.8923073902 -17.2396395501
-3.8459089929 -17.1937054366
-3.7995111310 -17.1471387564
-3.7531130906 -17.1007829318
-3.7067159428 -17.0533728293
-3.6603170099 -17.0080712825
-3.6139191480 -16.9615046023
-3.5675214646 -16.9147270665
-3.5211237813 -16.8679495308
-3.4747259194 -16.8213828506
-3.4283277005 -16.7752378815
-3.3819294817 -16.7290929125
-3.3355317983 -16.6823153767
-3.2891344719 -16.6351161298
-3.2427351820 -16.5902362941
-3.1963371417 -16.5438804695
-3.1499391013 -16.4975246448
-3.1035415964 -16.4505362535
-3.0571435561 -16.4041804289
-3.0107455157 -16.3578246043
-2.9643472968 -16.3116796352
-2.9179490779 -16.2655346661
-2.8715512161 -16.2189679859
-2.8251533542 -16.1724013057
-2.7787537073 -16.1279431811
-2.7323553099 -16.0820090676
-2.6859561986 -16.0369183763
-2.6395561947 -15.9928819628
-2.5931574403 -15.9473695604
-2.5467561869 -15.9048091358
-2.5003558260 -15.8611944334
-2.4539542156 -15.8190557200
-2.4075515341 -15.7781821398
-2.3611483172 -15.7379411264
-2.3147442078 -15.6987543907
-2.2683392058 -15.6606219329
-2.2219329544 -15.6239654639
-2.1755259889 -15.5881524171
-2.1291174169 -15.5542370704
-2.0827081309 -15.5211651460
-2.0362974169 -15.4897800659
-1.9898854533 -15.4598709748
-1.9434724188 -15.4312270171
-1.8970567067 -15.4057458927
-1.8506406376 -15.3806864794
-1.8042226050 -15.3579464773
-1.7578029659 -15.3371041751
-1.7113810063 -15.3190029953
-1.6649577971 -15.3023778043
-1.6185340524 -15.2863851800
-1.5721054882 -15.2760856558
-1.5256779950 -15.2645209983
-1.4792446112 -15.2599145741
-1.4328103349 -15.2563624277
-1.3863737381 -15.2555514036
-1.3399342853 -15.2581140684
-1.2934919764 -15.2640504222
-1.2470475255 -15.2725170426
-1.2005996830 -15.2849899187
-1.1541480920 -15.3018907614
-1.1076925740 -15.3234304265
-1.0612333074 -15.3493980582
-1.0147690428 -15.3812696456
-0.9683001371 -15.4186234775
-0.9218246268 -15.4637789650
-0.8774557622 -15.5138248289
-0.8373080071 -15.5644159719
-0.8013789787 -15.6183673158
-0.7696733472 -15.6701619754
-0.7400768897 -15.7238603930
-0.7125889750 -15.7802080936
-0.6872130627 -15.8351184956
-0.6639474137 -15.8906459345
-0.6427932060 -15.9453987638
-0.6237498833 -16.0000341499
-0.6068213727 -16.0499132705
-0.5898899169 -16.1032715078
-0.5729545340 -16.1612685674
-0.5560166967 -16.2221648909
-0.5411943914 -16.2774544981
-0.5284877818 -16.3269441049
-0.5157772451 -16.3810725340
-0.5039046090 -16.4427771171
-0.4924594318 -16.4982189955
-0.4797430046 -16.5593056580
-0.4670226503 -16.6250311428
-0.4547273987 -16.6872772163
-0.4453896703 -16.7466606211
-0.4335158561 -16.8097568508
-0.4241753788 -16.8723874312
-0.4122933178 -16.9452251877
-0.4033739180 -17.0091311496
-0.3948802099 -17.0688618770
-0.3885036700 -17.1210530455
-0.3800119254 -17.1784643618
-0.3715083997 -17.2497921448
-0.3630092919 -17.3159012528
-0.3544954576 -17.3994059443
-0.3459947135 -17.4674478950
-0.3417247063 -17.5246629816
-0.3353432576 -17.5826526780
-0.3289539549 -17.6499200189
-0.3204490968 -17.7228216881
-0.3140531087 -17.7979860717
-0.3076523521 -17.8787833110
-0.3033910171 -17.9257543318
-0.2985103776 -17.9918885273
