#log10(E / eV)   log10(E*dN/dE / (cm-3 s-1))
17.0186075980 -27.0156860228
17.0682598878 -26.9781056116
17.1841152308 -26.8607545797
17.2358363660 -26.8092016686
17.3620359361 -26.6820947030
17.4096193805 -26.6380129543
17.5316812597 -26.5143864111
17.5792647041 -26.4669997463
17.6971888925 -26.3488165943
17.7468411823 -26.2999497866
17.8709719069 -26.1753625005
17.9185553514 -26.1310809448
18.0406172306 -26.0109267235
18.0923383658 -25.9668422747
18.2226756267 -25.8576153374
18.2764656073 -25.8172759201
18.4212847860 -25.7247706702
18.4750747667 -25.7024138848
18.5061074478 -25.6909114807
18.6281693270 -25.6502480521
18.6819593077 -25.6457928956
18.7254050613 -25.6445778529
18.8764307763 -25.6612644391
18.9302207569 -25.6777890197
18.9653911289 -25.6909114807
19.0957283897 -25.7604119224
19.1495183704 -25.7970252087
19.2819244766 -25.9120492497
19.3274390757 -25.9588508940
19.4432944186 -26.0909698083
19.4846713268 -26.1444194134
19.5777693703 -26.2848845196
19.6170774331 -26.3451984672
19.7039689403 -26.4926236465
19.7391393123 -26.5538752984
19.8136177470 -26.7036698110
19.8467192736 -26.7679050677
19.9149911721 -26.9217612944
19.9439550079 -26.9867487204
20.0060203702 -27.1444034020
20.0329153605 -27.2090398157
20.0908430320 -27.3701544760
20.1156691769 -27.4361447944
20.1673903122 -27.5964872275
20.1880787663 -27.6588270177
20.2025606841 -27.6906287349
20.2397999015 -27.8317356923
20.2625572010 -27.8989194526
20.2853145005 -27.9975890191
