#log10(E / eV)   log10(E*dN/dE / (cm-3 s-1))
17.0156922934 -27.4014794632
17.0612644330 -27.3570791939
17.1068365726 -27.3111432868
17.1524087122 -27.2667430174
17.1979808518 -27.2200392914
17.2435529914 -27.1737194747
17.2891251310 -27.1273996581
17.3346972706 -27.0822315699
17.3802694102 -27.0366795722
17.4237700889 -26.9929538138
17.4672707676 -26.9492280554
17.5128429072 -26.9040599672
17.5584150468 -26.8585079695
17.6039871864 -26.8129559718
17.6474878651 -26.7696909047
17.6909885438 -26.7247366361
17.7365606834 -26.6795685479
17.7821328230 -26.6344004596
17.8256335017 -26.5910394152
17.8691341805 -26.5479087165
17.9147063201 -26.5010130357
17.9602784597 -26.4554610380
18.0058505993 -26.4095251309
18.0514227389 -26.3637811784
18.0969948785 -26.3174613618
18.1425670181 -26.2721013188
18.1881391577 -26.2265493211
18.2337112973 -26.1815731876
18.2792834369 -26.1356372805
18.3248555765 -26.0912370111
18.3704277161 -26.0458769681
18.4159998557 -26.0005169252
18.4615719953 -25.9568844748
18.5071441349 -25.9130600696
18.5527162745 -25.8698115287
18.5982884141 -25.8290583992
18.6438605537 -25.7900328622
18.6894326933 -25.7513912348
18.7350048329 -25.7144771999
18.7805769725 -25.6794827122
18.8261491121 -25.6460238625
18.8717212517 -25.6160969797
18.9172933913 -25.5871682615
18.9628655309 -25.5611956461
19.0084376705 -25.5381023517
19.0540098101 -25.5178883782
19.0995819497 -25.5011295898
19.1451540893 -25.4870581676
19.1907262289 -25.4781695231
19.2362983685 -25.4717762901
19.2818705081 -25.4694141063
19.3274426477 -25.4733864287
19.3730147873 -25.4813898003
19.4185869269 -25.4938081307
19.4641590665 -25.5114092387
19.5097312062 -25.5341931245
19.5553033458 -25.5633115163
19.6008754854 -25.5981885499
19.6464476250 -25.6394000896
19.6899483037 -25.6832248830
19.7293060606 -25.7285949188
19.7645208957 -25.7733163142
19.7976642700 -25.8185389282
19.8287361834 -25.8651781638
19.8577366358 -25.9106889070
19.8846656274 -25.9547946516
19.9115946190 -26.0020173753
19.9385236106 -26.0504466717
19.9633811413 -26.0982753512
19.9882386720 -26.1475116987
20.0130962027 -26.1988595482
20.0358822725 -26.2478170315
20.0565968814 -26.2933987809
20.0773114903 -26.3406697320
20.0980260992 -26.3896298847
20.1187407081 -26.4394346382
20.1394553170 -26.4921954945
20.1601699259 -26.5436894497
20.1788130740 -26.5929689971
20.1953847611 -26.6394006862
20.2119564482 -26.6853044998
20.2285281353 -26.7327919399
20.2450998225 -26.7802793800
20.2616715096 -26.8293504466
20.2782431967 -26.8778936377
20.2948148839 -26.9311877083
20.3113865710 -26.9813145260
20.3279582581 -27.0351364721
20.3445299452 -27.0894862938
20.3590301715 -27.1373283203
20.3735303977 -27.1892173923
20.3880306239 -27.2379392114
20.4004593893 -27.2815609033
20.4128881546 -27.3257456624
20.4253169200 -27.3695081210
20.4398171462 -27.4224529441
20.4543173725 -27.4764535182
20.4667461378 -27.5310550205
20.4833178249 -27.5904372553
20.4951547443 -27.6467287220
20.5081753556 -27.7016109953
20.5189469523 -27.7480501587
20.5305471333 -27.7931368931
20.5454616517 -27.8488402116
20.5558189561 -27.8996788715
20.5678334293 -27.9528028563
20.5786050259 -27.9954413161
