#log10(E / eV)   log10(E*dN/dE / (cm-3 s-1))
17.0041256801 -27.0184401195
17.0806729603 -26.9456501908
17.1510137042 -26.8751267989
17.2254921390 -26.8008124738
17.2958328829 -26.7307102967
17.3682424723 -26.6554933685
17.4427209070 -26.5841501120
17.5171993418 -26.5112273001
17.5854712403 -26.4388686151
17.6599496751 -26.3657577609
17.7344281099 -26.2926469066
17.8047688538 -26.2225447295
17.8792472886 -26.1497347430
17.9516568779 -26.0755332433
18.0240664673 -26.0074243147
18.0985449021 -25.9331099896
18.1750921822 -25.8643993257
18.2516394624 -25.7977195188
18.3323244334 -25.7372451085
18.4192159406 -25.6816974070
18.5102451387 -25.6356270384
18.6054120275 -25.6021053608
18.7088542980 -25.5850812627
18.8081588777 -25.5869240774
18.9074634574 -25.6111439283
18.9984926554 -25.6486583713
19.0874530081 -25.7059548663
19.1660691337 -25.7730483663
19.2405475684 -25.8431505435
19.3088194670 -25.9197715210
19.3678964970 -25.9951221683
19.4288125008 -26.0858003540
19.4888090176 -26.1685690618
19.5405301529 -26.2556903226
19.5984578244 -26.3472167881
19.6460412688 -26.4394703506
19.6915558678 -26.5291289290
19.7370704669 -26.6201113254
19.7825850659 -26.7140422254
19.8280996649 -26.8089359021
19.8715454185 -26.9027230542
19.9087846359 -26.9959753303
19.9501615441 -27.0939077709
19.9874007615 -27.1883300881
20.0246399789 -27.2852094917
20.0618791962 -27.3831419323
20.0949807228 -27.4789682988
20.1301510948 -27.5776529087
20.1611837759 -27.6744821677
20.1942853025 -27.7740526658
20.2253179836 -27.8732253499
20.2604883556 -27.9840431341
