#log10(E / eV)   log10(E*dN/dE / (cm-3 s-1))
17.0162064005 -27.9367710410
17.0617785401 -27.8940642429
17.1073506797 -27.8483783075
17.1529228193 -27.8029051676
17.1984949589 -27.7580704142
17.2440670985 -27.7119588878
17.2896392381 -27.6669113389
17.3352113777 -27.6212254035
17.3807835173 -27.5753266725
17.4263556569 -27.5300663281
17.4719277965 -27.4845931882
17.5174999361 -27.4386944572
17.5630720757 -27.3936469084
17.6086442153 -27.3464714042
17.6542163549 -27.3016366509
17.6997884945 -27.2563763065
17.7453606341 -27.2113287576
17.7909327737 -27.1645788446
17.8365049133 -27.1199568868
17.8820770529 -27.0751221334
17.9276491925 -27.0287978114
17.9732213321 -26.9835374670
18.0187934717 -26.9378515316
18.0643656113 -26.8932295738
18.1099377509 -26.8471180473
18.1555098905 -26.8010065208
18.2010820302 -26.7576613362
18.2466541698 -26.7124009918
18.2922263094 -26.6679918295
18.3377984490 -26.6231570762
18.3833705886 -26.5802374826
18.4289427282 -26.5379562756
18.4745148678 -26.4971646373
18.5200870074 -26.4567985900
18.5656591470 -26.4189860891
18.6112312866 -26.3824503614
18.6568034262 -26.3476169979
18.7023755658 -26.3168267494
18.7479477054 -26.2877388651
18.7935198450 -26.2609917317
18.8390919846 -26.2378621222
18.8846641242 -26.2174988546
18.9302362638 -26.2005403154
18.9758084034 -26.1859225270
19.0213805430 -26.1751350582
19.0669526826 -26.1669011356
19.1125248222 -26.1616463505
19.1580969618 -26.1604346804
19.2036691014 -26.1615637611
19.2492412410 -26.1658847747
19.2948133806 -26.1723337436
19.3403855202 -26.1832514186
19.3859576598 -26.1954458667
19.4315297994 -26.2099810657
19.4771019390 -26.2294105617
19.5226740786 -26.2496912400
19.5682462182 -26.2731638511
19.6138183578 -26.2994028041
19.6593904974 -26.3277697123
19.7049626370 -26.3586901669
19.7505347766 -26.3928025545
19.7961069162 -26.4284045107
19.8416790558 -26.4678367864
19.8872511954 -26.5085458353
19.9328233351 -26.5526596126
19.9783954747 -26.5995397318
20.0239676143 -26.6498245794
20.0674682930 -26.6994042426
20.1068260499 -26.7472377928
20.1461838068 -26.7975941521
20.1855415638 -26.8490428619
20.2207563989 -26.8978263002
20.2538997732 -26.9464442271
20.2891146083 -26.9979585413
20.3243294435 -27.0521712211
20.3574728177 -27.1057632435
20.3906161920 -27.1593552659
20.4216881053 -27.2125681369
20.4506885578 -27.2644404769
20.4796890103 -27.3159784238
20.5086894628 -27.3688539427
20.5356184543 -27.4209462520
20.5625474459 -27.4722583111
20.5894764375 -27.5263569783
20.6143339682 -27.5763285063
20.6391914989 -27.6282506599
20.6640490296 -27.6813431890
20.6889065603 -27.7359962186
20.7137640910 -27.7918196236
20.7386216217 -27.8476430285
20.7614076915 -27.8995622230
20.7821223004 -27.9526265407
20.8028369093 -27.9965284910
