#log10(E / eV)   log10(E*dN/dE / (cm-3 s-1))
17.0033938666 -26.7857352273
17.0798339189 -26.7130693982
17.1521253714 -26.6376911930
17.2306196292 -26.5583940271
17.3070551051 -26.4839090497
17.3814191216 -26.4091970107
17.4599147996 -26.3304644081
17.5363459094 -26.2542439213
17.6107054021 -26.1777336438
17.6892096018 -26.1023884208
17.7635634484 -26.0236338301
17.8400015719 -25.9502013101
17.9143546470 -25.8711400430
17.9907885155 -25.7960161565
18.0692920606 -25.7204107232
18.1457327442 -25.6479958111
18.2263122433 -25.5744040614
18.3069079442 -25.5072525149
18.3916483522 -25.4412660230
18.4784787885 -25.3828877346
18.5694760252 -25.3344565960
18.6667037423 -25.2931073489
18.7639657449 -25.2653866127
18.8654018657 -25.2505218051
18.9689543163 -25.2537200764
19.0601093593 -25.2680169231
19.1637281982 -25.2976045672
19.2611638708 -25.3389176058
19.3524117930 -25.3901339758
19.4436748861 -25.4473807180
19.5287407322 -25.5107558845
19.6117420452 -25.5766571068
19.6906164659 -25.6484747102
19.7695001448 -25.7239724297
19.8442479538 -25.8018179329
19.9148624181 -25.8830148877
19.9854844571 -25.9672228467
20.0540382457 -26.0524792390
20.1184618455 -26.1423416681
20.1808155116 -26.2325834184
20.2431818024 -26.3278435089
20.2993239486 -26.4185401713
20.3596190781 -26.5136916889
20.4137077378 -26.6113054546
20.4677980807 -26.7095883324
20.5177508705 -26.8095498818
20.5677019770 -26.9088423191
20.6155903388 -27.0113717437
20.6614010867 -27.1112276659
20.7092995483 -27.2177717627
20.7530471306 -27.3206973942
20.7926505389 -27.4226698566
20.8384785687 -27.5293953290
20.8739496420 -27.6351207104
20.9135593346 -27.7395911911
20.9531929862 -27.8535853663
20.9907441049 -27.9629507452
