#log10(E / eV)   log10(E*dN/dE / (cm-3 s-1))
17.0162064005 -26.8649199670
17.0617785401 -26.8198724181
17.1073506797 -26.7753923240
17.1529228193 -26.7302029115
17.1984949589 -26.6819634297
17.2440670985 -26.6390438361
17.2896392381 -26.5935706962
17.3352113777 -26.5489487384
17.3807835173 -26.5019860298
17.4263556569 -26.4573640720
17.4719277965 -26.4112525455
17.5174999361 -26.3662049966
17.5630720757 -26.3209446522
17.6086442153 -26.2752587168
17.6542163549 -26.2304239635
17.6997884945 -26.1843124370
17.7453606341 -26.1394776836
17.7909327737 -26.0929405661
17.8365049133 -26.0476802217
17.8820770529 -26.0022070818
17.9276491925 -25.9575851240
17.9732213321 -25.9133887572
18.0187934717 -25.8684476061
18.0643656113 -25.8241448416
18.1099377509 -25.7820764302
18.1555098905 -25.7402208142
18.2010820302 -25.6987907893
18.2466541698 -25.6586375376
18.2922263094 -25.6208250367
18.3377984490 -25.5830125358
18.3833705886 -25.5498815365
18.4289427282 -25.5167505372
18.4745148678 -25.4861730843
18.5200870074 -25.4587875642
18.5656591470 -25.4328916129
18.6112312866 -25.4097620034
18.6568034262 -25.3900371223
18.7023755658 -25.3718018100
18.7479477054 -25.3578224082
18.7935198450 -25.3461837572
18.8390919846 -25.3366730615
18.8846641242 -25.3284391390
18.9302362638 -25.3268018778
18.9758084034 -25.3268669809
19.0213805430 -25.3277832661
19.0669526826 -25.3348706215
19.1125248222 -25.3423835681
19.1580969618 -25.3524500609
19.2036691014 -25.3667724644
19.2492412410 -25.3804564812
19.2948133806 -25.4005243639
19.3403855202 -25.4222946108
19.3859576598 -25.4464056085
19.4315297994 -25.4726445615
19.4771019390 -25.5001602876
19.5226740786 -25.5315063333
19.5682462182 -25.5641291521
19.6138183578 -25.5986671307
19.6593904974 -25.6361842467
19.7049626370 -25.6768932956
19.7505347766 -25.7188791176
19.7961069162 -25.7623545084
19.8416790558 -25.8083834454
19.8872511954 -25.8582427020
19.9328233351 -25.9087403452
19.9763240138 -25.9602990068
20.0177532316 -26.0111524839
20.0591824494 -26.0643467118
20.0985402063 -26.1165236551
20.1358265024 -26.1678133556
20.1710413375 -26.2163042000
20.2041847118 -26.2675554716
20.2373280860 -26.3182215555
20.2704714603 -26.3706432025
20.3015433737 -26.4215571218
20.3326152870 -26.4728472333
20.3636872004 -26.5269796850
20.3926876529 -26.5791864180
20.4216881053 -26.6323963298
20.4486170969 -26.6815348346
20.4734746276 -26.7299458620
20.5004036192 -26.7823168322
20.5273326108 -26.8365269637
20.5521901415 -26.8872787419
20.5770476722 -26.9395910207
20.6019052029 -26.9930736749
20.6267627335 -27.0485069547
20.6516202642 -27.1027698592
20.6744063340 -27.1550791787
20.6951209430 -27.2056689885
20.7158355519 -27.2539180474
20.7365501608 -27.3045078571
20.7572647697 -27.3565021173
20.7779793786 -27.4084963775
20.7986939875 -27.4623632384
20.8194085964 -27.5148256487
20.8401232053 -27.5696288099
20.8608378142 -27.6258364216
20.8815524231 -27.6826459406
20.9022670321 -27.7405923957
20.9229816410 -27.7996089084
20.9436962499 -27.8613005648
20.9644108588 -27.9213871349
20.9867399445 -27.9862318226
